150

0 44
 4  7  28  29  31  49  50  58  61  62  63  64  65  76  77  81  83  84  85  86  87  89  90  91  92  93  94  95  96  98  99  107  109  121  123  137  138  139  140  142  143  145  146  147 
1 73
 3  4  5  7  8  9  11  12  13  14  15  16  17  18  19  20  28  33  34  35  36  37  38  39  40  41  49  52  55  56  57  58  59  65  66  68  69  75  77  78  80  81  82  83  84  85  96  98  100  104  105  106  107  109  110  111  114  115  116  117  118  121  124  125  135  136  137  141  142  144  146  147  148 
2 99
 3  5  9  10  11  12  13  14  15  16  17  18  19  20  21  22  23  24  25  26  33  34  35  36  37  38  39  40  41  42  43  44  45  46  47  48  49  50  51  53  54  55  56  58  59  60  61  66  67  68  69  70  71  72  73  74  75  78  79  82  85  88  91  96  97  98  99  100  101  102  103  104  105  108  111  112  113  114  115  116  117  118  119  125  126  127  128  129  130  131  132  133  134  135  140  144  147  148  149 
3 111
 1  2  4  5  8  9  10  11  12  13  14  15  16  17  18  19  20  21  22  23  24  25  26  28  33  34  35  36  37  38  39  40  41  42  43  44  45  46  47  48  49  50  51  52  53  54  55  56  58  59  65  66  67  68  69  70  71  72  73  74  75  78  79  80  81  82  83  84  85  96  97  98  99  100  101  102  103  104  105  106  107  110  111  112  113  114  115  116  117  118  119  121  124  125  126  127  128  129  130  131  132  133  134  135  136  137  144  146  147  148  149 
4 52
 0  1  3  5  7  8  12  13  14  28  33  34  39  41  49  52  56  57  58  59  65  66  68  69  75  77  78  80  81  82  83  84  85  91  95  96  98  106  107  109  110  111  121  124  125  135  136  137  141  144  146  147 
5 108
 1  2  3  4  8  9  10  11  12  13  14  15  16  17  18  19  20  21  22  23  24  25  26  28  33  34  35  36  37  38  39  40  41  42  43  44  45  46  47  48  49  50  51  52  53  54  55  56  58  59  61  66  67  68  69  70  71  72  73  74  75  78  79  80  82  84  85  89  96  97  98  99  100  101  102  103  104  105  106  107  108  110  111  112  113  114  115  116  117  118  119  121  125  126  127  128  129  130  131  132  133  134  135  144  146  147  148  149 
6 18
 30  59  60  61  66  78  86  88  89  91  95  97  99  108  138  140  144  147 
7 36
 0  1  4  28  29  31  32  58  62  63  64  65  76  77  81  84  87  90  91  92  93  94  98  107  109  121  122  123  124  137  139  141  142  143  145  146 
8 50
 1  3  4  5  9  12  13  14  15  17  18  19  20  28  33  34  36  39  40  41  49  52  56  58  65  66  68  69  77  78  80  81  82  85  96  99  109  110  111  115  117  118  124  125  135  140  142  144  147  148 
9 104
 1  2  3  5  8  10  11  12  13  14  15  16  17  18  19  20  21  22  23  24  25  26  33  34  35  36  37  38  39  40  41  42  43  44  45  46  47  48  49  50  51  52  53  54  55  56  58  59  60  61  66  67  68  69  70  71  72  73  74  75  78  79  80  82  85  88  91  96  97  98  99  100  101  102  103  104  105  108  110  111  112  113  114  115  116  117  118  119  125  126  127  128  129  130  131  132  133  134  135  144  146  147  148  149 
10 103
 2  3  5  9  11  12  13  14  15  16  17  18  19  20  21  22  23  24  25  26  33  34  35  36  37  38  39  40  41  42  43  44  45  46  47  48  49  50  51  52  53  54  55  56  58  59  60  61  66  67  68  69  70  71  72  73  74  75  78  79  80  82  85  88  91  96  97  98  99  100  101  102  103  104  105  108  110  111  112  113  114  115  116  117  118  119  125  126  127  128  129  130  131  132  133  134  135  140  144  146  147  148  149 
11 104
 1  2  3  5  9  10  12  13  14  15  16  17  18  19  20  21  22  23  24  25  26  28  33  34  35  36  37  38  39  40  41  42  43  44  45  46  47  48  49  50  51  52  53  54  55  56  58  59  60  61  66  67  68  69  70  71  72  73  74  75  78  79  80  82  85  91  96  97  98  99  100  101  102  103  104  105  108  110  111  112  113  114  115  116  117  118  119  121  125  126  127  128  129  130  131  132  133  134  135  144  146  147  148  149 
12 106
 1  2  3  4  5  8  9  10  11  13  14  15  16  17  18  19  20  21  22  23  24  25  26  28  33  34  35  36  37  38  39  40  41  42  43  44  45  46  47  48  49  50  51  52  53  54  55  56  58  59  60  66  67  68  69  70  71  72  73  74  75  78  79  80  82  84  85  91  96  97  98  99  100  101  102  103  104  105  108  110  111  112  113  114  115  116  117  118  119  121  125  126  127  128  129  130  131  132  133  134  135  144  146  147  148  149 
13 105
 1  2  3  4  5  8  9  10  11  12  14  15  16  17  18  19  20  21  22  23  24  25  26  28  33  34  35  36  37  38  39  40  41  42  43  44  45  46  47  48  49  50  51  52  53  54  55  56  58  59  60  66  67  68  69  70  71  72  73  74  75  78  79  80  82  84  85  96  97  98  99  100  101  102  103  104  105  108  110  111  112  113  114  115  116  117  118  119  121  125  126  127  128  129  130  131  132  133  134  135  144  146  147  148  149 
14 104
 1  2  3  4  5  8  9  10  11  12  13  15  16  17  18  19  20  21  22  23  24  25  26  28  33  34  35  36  37  38  39  40  41  42  43  44  45  46  47  48  49  50  51  52  53  54  55  56  58  59  60  66  67  68  69  70  71  72  73  74  75  78  79  80  82  85  96  97  98  99  100  101  102  103  104  105  108  110  111  112  113  114  115  116  117  118  119  121  125  126  127  128  129  130  131  132  133  134  135  144  146  147  148  149 
15 104
 1  2  3  5  8  9  10  11  12  13  14  16  17  18  19  20  21  22  23  24  25  26  33  34  35  36  37  38  39  40  41  42  43  44  45  46  47  48  49  50  51  52  53  54  55  56  58  59  60  61  66  67  68  69  70  71  72  73  74  75  78  79  80  82  85  88  96  97  98  99  100  101  102  103  104  105  108  110  111  112  113  114  115  116  117  118  119  125  126  127  128  129  130  131  132  133  134  135  140  144  146  147  148  149 
16 105
 1  2  3  5  9  10  11  12  13  14  15  17  18  19  20  21  22  23  24  25  26  28  33  34  35  36  37  38  39  40  41  42  43  44  45  46  47  48  49  50  51  52  53  54  55  56  58  59  60  61  66  67  68  69  70  71  72  73  74  75  78  79  80  82  85  88  91  96  97  98  99  100  101  102  103  104  105  108  110  111  112  113  114  115  116  117  118  119  121  125  126  127  128  129  130  131  132  133  134  135  144  146  147  148  149 
17 105
 1  2  3  5  8  9  10  11  12  13  14  15  16  18  19  20  21  22  23  24  25  26  28  33  34  35  36  37  38  39  40  41  42  43  44  45  46  47  48  49  50  51  52  53  54  55  56  58  59  60  61  66  67  68  69  70  71  72  73  74  75  78  79  80  82  85  91  96  97  98  99  100  101  102  103  104  105  108  110  111  112  113  114  115  116  117  118  119  121  125  126  127  128  129  130  131  132  133  134  135  144  146  147  148  149 
18 105
 1  2  3  5  8  9  10  11  12  13  14  15  16  17  19  20  21  22  23  24  25  26  33  34  35  36  37  38  39  40  41  42  43  44  45  46  47  48  49  50  51  52  53  54  55  56  58  59  60  61  66  67  68  69  70  71  72  73  74  75  78  79  80  82  85  88  91  96  97  98  99  100  101  102  103  104  105  108  110  111  112  113  114  115  116  117  118  119  121  125  126  127  128  129  130  131  132  133  134  135  144  146  147  148  149 
19 105
 1  2  3  5  8  9  10  11  12  13  14  15  16  17  18  20  21  22  23  24  25  26  33  34  35  36  37  38  39  40  41  42  43  44  45  46  47  48  49  50  51  52  53  54  55  56  58  59  60  61  66  67  68  69  70  71  72  73  74  75  78  79  80  82  85  88  91  96  97  98  99  100  101  102  103  104  105  108  110  111  112  113  114  115  116  117  118  119  121  125  126  127  128  129  130  131  132  133  134  135  144  146  147  148  149 
20 104
 1  2  3  5  8  9  10  11  12  13  14  15  16  17  18  19  21  22  23  24  25  26  33  34  35  36  37  38  39  40  41  42  43  44  45  46  47  48  49  50  51  52  53  54  55  56  58  59  60  61  66  67  68  69  70  71  72  73  74  75  78  79  80  82  85  88  91  96  97  98  99  100  101  102  103  104  105  108  110  111  112  113  114  115  116  117  118  119  125  126  127  128  129  130  131  132  133  134  135  144  146  147  148  149 
21 101
 2  3  5  9  10  11  12  13  14  15  16  17  18  19  20  22  23  24  25  26  33  34  35  36  37  38  39  40  41  42  43  44  45  46  47  48  49  50  51  52  53  54  55  56  58  59  60  61  66  67  68  69  70  71  72  73  74  75  78  79  80  82  85  88  91  96  97  98  99  100  101  102  103  104  105  108  111  112  113  114  115  116  117  118  119  125  126  127  128  129  130  131  132  133  134  135  140  144  147  148  149 
22 99
 2  3  5  9  10  11  12  13  14  15  16  17  18  19  20  21  23  24  25  26  34  35  36  37  38  39  40  41  42  43  44  45  46  47  48  49  50  51  53  54  55  56  58  59  60  61  66  67  68  69  70  71  72  73  74  75  78  79  82  85  88  91  96  97  98  99  100  101  102  103  104  105  108  111  112  113  114  115  116  117  118  119  125  126  127  128  129  130  131  132  133  134  135  140  144  146  147  148  149 
23 101
 2  3  5  9  10  11  12  13  14  15  16  17  18  19  20  21  22  24  25  26  33  34  35  36  37  38  39  40  41  42  43  44  45  46  47  48  49  50  51  52  53  54  55  56  58  59  60  61  66  67  68  69  70  71  72  73  74  75  78  79  80  82  85  91  96  97  98  99  100  101  102  103  104  105  108  111  112  113  114  115  116  117  118  119  121  125  126  127  128  129  130  131  132  133  134  135  144  146  147  148  149 
24 101
 2  3  5  9  10  11  12  13  14  15  16  17  18  19  20  21  22  23  25  26  33  34  35  36  37  38  39  40  41  42  43  44  45  46  47  48  49  50  51  52  53  54  55  56  58  59  60  61  66  67  68  69  70  71  72  73  74  75  78  79  80  82  85  88  91  96  97  98  99  100  101  102  103  104  105  108  111  112  113  114  115  116  117  118  119  125  126  127  128  129  130  131  132  133  134  135  144  146  147  148  149 
25 102
 2  3  5  9  10  11  12  13  14  15  16  17  18  19  20  21  22  23  24  26  33  34  35  36  37  38  39  40  41  42  43  44  45  46  47  48  49  50  51  52  53  54  55  56  58  59  60  61  66  67  68  69  70  71  72  73  74  75  78  79  80  82  85  88  91  96  97  98  99  100  101  102  103  104  105  108  111  112  113  114  115  116  117  118  119  125  126  127  128  129  130  131  132  133  134  135  140  144  146  147  148  149 
26 102
 2  3  5  9  10  11  12  13  14  15  16  17  18  19  20  21  22  23  24  25  33  34  35  36  37  38  39  40  41  42  43  44  45  46  47  48  49  50  51  52  53  54  55  56  58  59  60  61  66  67  68  69  70  71  72  73  74  75  78  79  80  82  85  88  91  96  97  98  99  100  101  102  103  104  105  108  111  112  113  114  115  116  117  118  119  125  126  127  128  129  130  131  132  133  134  135  140  144  146  147  148  149 
27 15
 30  32  57  60  81  88  93  106  120  122  136  137  141  142  145 
28 62
 0  1  3  4  5  7  8  11  12  13  14  16  17  34  36  38  39  41  49  50  52  54  56  58  61  65  68  69  75  77  80  81  82  83  84  85  87  91  95  96  97  98  99  104  105  106  107  109  110  113  114  117  121  124  126  135  136  137  142  144  146  147 
29 22
 0  7  30  31  32  62  63  64  76  77  86  87  90  92  93  94  109  122  123  139  143  145 
30 24
 6  27  29  31  60  62  63  76  86  87  88  90  91  93  94  95  120  122  138  139  140  141  143  145 
31 23
 0  7  29  30  32  62  63  64  76  77  86  87  90  92  93  94  109  122  123  139  141  143  145 
32 17
 7  27  29  31  57  62  64  65  76  77  92  94  109  120  123  141  145 
33 95
 1  2  3  4  5  8  9  10  11  12  13  14  15  16  17  18  19  20  21  23  24  25  26  34  35  36  37  38  39  40  41  44  45  46  47  48  49  51  52  53  54  55  56  65  66  67  68  69  71  72  73  74  75  78  79  80  81  82  85  96  97  99  100  101  102  103  104  105  110  111  112  113  114  115  116  117  118  119  124  125  127  128  129  130  131  132  133  134  135  140  142  144  147  148  149 
34 105
 1  2  3  4  5  8  9  10  11  12  13  14  15  16  17  18  19  20  21  22  23  24  25  26  28  33  35  36  37  38  39  40  41  42  43  44  45  46  47  48  49  50  51  52  53  54  55  56  58  59  60  61  66  67  68  69  70  71  72  73  74  75  78  79  80  82  85  96  97  98  99  100  101  102  103  104  105  108  110  111  112  113  114  115  116  117  118  119  121  125  126  127  128  129  130  131  132  133  134  135  144  146  147  148  149 
35 105
 1  2  3  5  9  10  11  12  13  14  15  16  17  18  19  20  21  22  23  24  25  26  33  34  36  37  38  39  40  41  42  43  44  45  46  47  48  49  50  51  52  53  54  55  56  58  59  60  61  66  67  68  69  70  71  72  73  74  75  78  79  80  82  85  88  91  96  97  98  99  100  101  102  103  104  105  108  110  111  112  113  114  115  116  117  118  119  121  125  126  127  128  129  130  131  132  133  134  135  140  144  146  147  148  149 
36 105
 1  2  3  5  8  9  10  11  12  13  14  15  16  17  18  19  20  21  22  23  24  25  26  28  33  34  35  37  38  39  40  41  42  43  44  45  46  47  48  49  50  51  52  53  54  55  56  58  59  60  61  66  67  68  69  70  71  72  73  74  75  78  79  80  82  85  91  96  97  98  99  100  101  102  103  104  105  108  110  111  112  113  114  115  116  117  118  119  121  125  126  127  128  129  130  131  132  133  134  135  144  146  147  148  149 
37 104
 1  2  3  5  9  10  11  12  13  14  15  16  17  18  19  20  21  22  23  24  25  26  33  34  35  36  38  39  40  41  42  43  44  45  46  47  48  49  50  51  52  53  54  55  56  58  59  60  61  66  67  68  69  70  71  72  73  74  75  78  79  80  82  85  88  91  96  97  98  99  100  101  102  103  104  105  108  110  111  112  113  114  115  116  117  118  119  125  126  127  128  129  130  131  132  133  134  135  140  144  146  147  148  149 
38 104
 1  2  3  5  9  10  11  12  13  14  15  16  17  18  19  20  21  22  23  24  25  26  28  33  34  35  36  37  39  40  41  42  43  44  45  46  47  48  49  50  51  52  53  54  55  56  58  59  60  61  66  67  68  69  70  71  72  73  74  75  78  79  80  82  85  91  96  97  98  99  100  101  102  103  104  105  108  110  111  112  113  114  115  116  117  118  119  121  125  126  127  128  129  130  131  132  133  134  135  144  146  147  148  149 
39 105
 1  2  3  4  5  8  9  10  11  12  13  14  15  16  17  18  19  20  21  22  23  24  25  26  28  33  34  35  36  37  38  40  41  42  43  44  45  46  47  48  49  50  51  52  53  54  55  56  58  59  60  61  66  67  68  69  70  71  72  73  74  75  78  79  80  82  85  96  97  98  99  100  101  102  103  104  105  108  110  111  112  113  114  115  116  117  118  119  121  125  126  127  128  129  130  131  132  133  134  135  144  146  147  148  149 
40 102
 1  2  3  5  8  9  10  11  12  13  14  15  16  17  18  19  20  21  22  23  24  25  26  33  34  35  36  37  38  39  41  42  43  44  45  46  47  48  49  50  51  52  53  54  55  56  58  59  60  61  66  67  68  69  70  71  72  73  74  75  78  79  80  82  85  88  96  97  98  99  100  101  102  103  104  105  108  110  111  112  113  114  115  116  117  118  119  125  126  127  128  129  130  131  132  133  134  135  144  147  148  149 
41 107
 1  2  3  4  5  8  9  10  11  12  13  14  15  16  17  18  19  20  21  22  23  24  25  26  28  33  34  35  36  37  38  39  40  43  44  45  46  47  49  51  52  53  54  55  56  57  58  59  65  66  68  69  70  71  72  73  74  75  77  78  79  80  81  82  83  84  85  96  98  100  101  102  103  104  105  106  107  110  111  112  113  114  115  116  117  118  119  121  124  125  126  127  128  129  130  131  132  133  134  135  136  137  144  146  147  148  149 
42 97
 2  3  5  9  10  11  12  13  14  15  16  17  18  19  20  21  22  23  24  25  26  34  35  36  37  38  39  40  43  44  45  46  47  48  49  50  51  53  54  55  56  58  59  60  61  66  67  68  70  71  72  73  74  75  78  79  82  85  88  91  96  97  98  99  100  101  102  103  104  105  108  111  112  113  114  115  116  117  118  119  125  126  127  128  129  130  131  132  133  134  135  140  144  146  147  148  149 
43 99
 2  3  5  9  10  11  12  13  14  15  16  17  18  19  20  21  22  23  24  25  26  34  35  36  37  38  39  40  41  42  44  45  46  47  48  49  50  51  53  54  55  56  58  59  60  61  66  67  68  69  70  71  72  73  74  75  78  79  82  85  88  91  96  97  98  99  100  101  102  103  104  105  108  111  112  113  114  115  116  117  118  119  125  126  127  128  129  130  131  132  133  134  135  140  144  146  147  148  149 
44 102
 2  3  5  9  10  11  12  13  14  15  16  17  18  19  20  21  22  23  24  25  26  33  34  35  36  37  38  39  40  41  42  43  45  46  47  48  49  50  51  52  53  54  55  56  58  59  60  61  66  67  68  69  70  71  72  73  74  75  78  79  80  82  85  88  91  96  97  98  99  100  101  102  103  104  105  108  111  112  113  114  115  116  117  118  119  125  126  127  128  129  130  131  132  133  134  135  140  144  146  147  148  149 
45 101
 2  3  5  9  10  11  12  13  14  15  16  17  18  19  20  21  22  23  24  25  26  33  34  35  36  37  38  39  40  41  42  43  44  46  47  48  49  50  51  52  53  54  55  56  58  59  60  61  66  67  68  69  70  71  72  73  74  75  78  79  80  82  85  88  91  96  97  98  99  100  101  102  103  104  105  108  111  112  113  114  115  116  117  118  119  125  126  127  128  129  130  131  132  133  134  135  144  146  147  148  149 
46 102
 2  3  5  9  10  11  12  13  14  15  16  17  18  19  20  21  22  23  24  25  26  33  34  35  36  37  38  39  40  41  42  43  44  45  47  48  49  50  51  52  53  54  55  56  58  59  60  61  66  67  68  69  70  71  72  73  74  75  78  79  80  82  85  88  91  96  97  98  99  100  101  102  103  104  105  108  111  112  113  114  115  116  117  118  119  125  126  127  128  129  130  131  132  133  134  135  140  144  146  147  148  149 
47 102
 2  3  5  9  10  11  12  13  14  15  16  17  18  19  20  21  22  23  24  25  26  33  34  35  36  37  38  39  40  41  42  43  44  45  46  48  49  50  51  52  53  54  55  56  58  59  60  61  66  67  68  69  70  71  72  73  74  75  78  79  80  82  85  88  91  96  97  98  99  100  101  102  103  104  105  108  111  112  113  114  115  116  117  118  119  125  126  127  128  129  130  131  132  133  134  135  140  144  146  147  148  149 
48 95
 2  3  5  9  10  11  12  13  14  15  16  17  18  19  20  21  22  23  24  25  26  33  34  35  36  37  38  39  40  42  43  44  45  46  47  49  50  51  53  54  55  56  58  59  60  61  66  67  68  70  71  72  73  74  75  78  79  82  85  88  91  97  99  100  101  102  103  104  105  108  111  112  113  114  115  116  117  118  119  125  126  127  128  129  130  131  132  133  134  135  140  144  147  148  149 
49 114
 0  1  2  3  4  5  8  9  10  11  12  13  14  15  16  17  18  19  20  21  22  23  24  25  26  28  33  34  35  36  37  38  39  40  41  42  43  44  45  46  47  48  50  51  52  53  54  55  56  58  59  65  66  67  68  69  70  71  72  73  74  75  77  78  79  80  81  82  83  84  85  95  96  97  98  99  100  101  102  103  104  105  106  107  110  111  112  113  114  115  116  117  118  119  121  124  125  126  127  128  129  130  131  132  133  134  135  136  137  144  146  147  148  149 
50 102
 0  2  3  5  9  10  11  12  13  14  15  16  17  18  19  20  21  22  23  24  25  26  28  34  35  36  37  38  39  40  42  43  44  45  46  47  48  49  51  53  54  55  56  58  59  60  61  66  67  68  70  71  72  73  74  75  78  79  82  84  85  89  91  95  96  97  98  99  100  101  102  103  104  105  108  111  112  113  114  115  116  117  118  119  121  125  126  127  128  129  130  131  132  133  134  135  140  144  146  147  148  149 
51 101
 2  3  5  9  10  11  12  13  14  15  16  17  18  19  20  21  22  23  24  25  26  33  34  35  36  37  38  39  40  41  42  43  44  45  46  47  48  49  50  52  53  54  55  56  58  59  60  61  66  67  68  69  70  71  72  73  74  75  78  79  80  82  85  91  96  97  98  99  100  101  102  103  104  105  108  111  112  113  114  115  116  117  118  119  121  125  126  127  128  129  130  131  132  133  134  135  144  146  147  148  149 
52 100
 1  3  4  5  8  9  10  11  12  13  14  15  16  17  18  19  20  21  23  24  25  26  28  33  34  35  36  37  38  39  40  41  44  45  46  47  49  51  54  55  56  57  58  59  65  66  68  69  71  74  75  77  78  79  80  81  82  83  84  85  96  98  100  101  102  103  104  105  106  107  109  110  111  112  113  114  115  116  117  118  119  121  124  125  127  128  129  130  132  133  134  135  136  137  141  144  146  147  148  149 
53 101
 2  3  5  9  10  11  12  13  14  15  16  17  18  19  20  21  22  23  24  25  26  33  34  35  36  37  38  39  40  41  42  43  44  45  46  47  48  49  50  51  54  55  56  58  59  60  61  66  67  68  69  70  71  72  73  74  75  78  79  80  82  85  88  91  96  97  98  99  100  101  102  103  104  105  108  111  112  113  114  115  116  117  118  119  125  126  127  128  129  130  131  132  133  134  135  140  144  146  147  148  149 
54 104
 2  3  5  9  10  11  12  13  14  15  16  17  18  19  20  21  22  23  24  25  26  28  33  34  35  36  37  38  39  40  41  42  43  44  45  46  47  48  49  50  51  52  53  55  56  58  59  60  61  66  67  68  69  70  71  72  73  74  75  78  79  80  82  85  88  91  96  97  98  99  100  101  102  103  104  105  108  111  112  113  114  115  116  117  118  119  121  125  126  127  128  129  130  131  132  133  134  135  140  144  146  147  148  149 
55 103
 1  2  3  5  9  10  11  12  13  14  15  16  17  18  19  20  21  22  23  24  25  26  33  34  35  36  37  38  39  40  41  42  43  44  45  46  47  48  49  50  51  52  53  54  56  58  59  60  61  66  67  68  69  70  71  72  73  74  75  78  79  80  82  85  88  91  96  97  98  99  100  101  102  103  104  105  108  110  111  112  113  114  115  116  117  118  119  125  126  127  128  129  130  131  132  133  134  135  144  146  147  148  149 
56 112
 1  2  3  4  5  8  9  10  11  12  13  14  15  16  17  18  19  20  21  22  23  24  25  26  28  33  34  35  36  37  38  39  40  41  42  43  44  45  46  47  48  49  50  51  52  53  54  55  58  59  65  66  67  68  69  70  71  72  73  74  75  77  78  79  80  81  82  83  84  85  96  97  98  99  100  101  102  103  104  105  106  107  110  111  112  113  114  115  116  117  118  119  121  124  125  126  127  128  129  130  131  132  133  134  135  136  137  144  146  147  148  149 
57 24
 1  4  27  32  41  52  60  63  68  69  80  81  83  90  93  96  106  107  120  122  124  136  137  141 
58 115
 0  1  2  3  4  5  7  8  9  10  11  12  13  14  15  16  17  18  19  20  21  22  23  24  25  26  28  34  35  36  37  38  39  40  41  42  43  44  45  46  47  48  49  50  51  52  53  54  55  56  59  61  65  67  68  69  70  71  72  73  74  75  77  79  80  81  82  83  84  85  87  89  91  95  96  97  98  99  100  101  102  103  104  105  107  109  110  111  112  113  114  115  116  117  118  119  121  125  126  127  128  129  130  131  132  133  134  135  137  143  144  146  147  148  149 
59 106
 1  2  3  4  5  6  9  10  11  12  13  14  15  16  17  18  19  20  21  22  23  24  25  26  34  35  36  37  38  39  40  41  42  43  44  45  46  47  48  49  50  51  52  53  54  55  56  58  60  61  66  67  68  69  70  71  72  73  74  75  78  79  80  82  83  85  88  89  91  96  97  98  99  100  101  102  103  104  105  108  111  112  113  114  115  116  117  118  119  125  126  127  128  129  130  131  132  133  134  135  140  144  146  147  148  149 
60 100
 2  6  9  10  11  12  13  14  15  16  17  18  19  20  21  22  23  24  25  26  27  30  34  35  36  37  38  39  40  42  43  44  45  46  47  48  50  51  53  54  55  57  59  61  63  67  70  71  72  73  74  75  79  82  83  86  88  89  90  91  95  100  101  102  103  104  105  108  111  112  113  114  115  116  117  118  119  120  122  124  125  126  127  128  129  130  131  132  133  134  135  138  139  140  141  142  143  144  148  149 
61 95
 0  2  5  6  9  10  11  15  16  17  18  19  20  21  22  23  24  25  26  28  34  35  36  37  38  39  40  42  43  44  45  46  47  48  50  51  53  54  55  58  59  60  67  70  71  72  73  74  75  79  83  85  86  88  89  90  91  95  97  98  99  100  101  102  103  104  105  108  111  112  113  114  115  116  117  118  119  126  127  128  129  130  131  132  133  134  135  139  140  143  144  146  147  148  149 
62 27
 0  7  29  30  31  32  63  64  65  76  77  87  90  92  93  94  107  109  121  122  123  137  139  141  143  145  146 
63 30
 0  7  29  30  31  57  60  62  64  76  77  83  86  87  88  90  91  92  93  94  95  109  122  123  138  139  140  141  143  145 
64 25
 0  7  29  31  32  62  63  65  76  77  87  90  92  93  94  107  109  122  123  137  139  141  143  145  146 
65 47
 0  1  3  4  7  8  28  32  33  41  49  52  56  58  62  64  68  69  76  77  78  80  81  83  84  85  87  90  91  92  93  96  98  107  109  110  121  122  123  124  137  139  141  142  143  145  146 
66 103
 1  2  3  4  5  6  8  9  10  11  12  13  14  15  16  17  18  19  20  21  22  23  24  25  26  33  34  35  36  37  38  39  40  41  42  43  44  45  46  47  48  49  50  51  52  53  54  55  56  59  67  68  69  70  71  72  73  74  75  78  79  80  81  82  85  89  96  97  99  100  101  102  103  104  105  110  111  112  113  114  115  116  117  118  119  124  125  126  127  128  129  130  131  132  133  134  135  140  142  144  147  148  149 
67 98
 2  3  5  9  10  11  12  13  14  15  16  17  18  19  20  21  22  23  24  25  26  33  34  35  36  37  38  39  40  42  43  44  45  46  47  48  49  50  51  53  54  55  56  58  59  60  61  66  68  69  70  71  72  73  74  75  78  79  82  85  91  96  97  98  99  100  101  102  103  104  105  108  111  112  113  114  115  116  117  118  119  125  126  127  128  129  130  131  132  133  134  135  140  144  146  147  148  149 
68 113
 1  2  3  4  5  8  9  10  11  12  13  14  15  16  17  18  19  20  21  22  23  24  25  26  28  33  34  35  36  37  38  39  40  41  42  43  44  45  46  47  48  49  50  51  52  53  54  55  56  57  58  59  65  66  67  69  70  71  72  73  74  75  77  78  79  80  81  82  83  84  85  96  97  98  99  100  101  102  103  104  105  106  107  110  111  112  113  114  115  116  117  118  119  121  124  125  126  127  128  129  130  131  132  133  134  135  136  137  144  146  147  148  149 
69 111
 1  2  3  4  5  8  9  10  11  12  13  14  15  16  17  18  19  20  21  22  23  24  25  26  28  33  34  35  36  37  38  39  40  41  43  44  45  46  47  49  51  52  53  54  55  56  57  58  59  65  66  67  68  70  71  72  73  74  75  77  78  79  80  81  82  83  84  85  96  97  98  99  100  101  102  103  104  105  106  107  109  110  111  112  113  114  115  116  117  118  119  121  124  125  126  127  128  129  130  131  132  133  134  135  136  137  144  146  147  148  149 
70 99
 2  3  5  9  10  11  12  13  14  15  16  17  18  19  20  21  22  23  24  25  26  34  35  36  37  38  39  40  41  42  43  44  45  46  47  48  49  50  51  53  54  55  56  58  59  60  61  66  67  68  69  71  72  73  74  75  78  79  82  85  91  96  97  98  99  100  101  102  103  104  105  108  111  112  113  114  115  116  117  118  119  121  125  126  127  128  129  130  131  132  133  134  135  140  144  146  147  148  149 
71 101
 2  3  5  9  10  11  12  13  14  15  16  17  18  19  20  21  22  23  24  25  26  33  34  35  36  37  38  39  40  41  42  43  44  45  46  47  48  49  50  51  52  53  54  55  56  58  59  60  61  66  67  68  69  70  72  73  74  75  78  79  80  82  85  88  91  96  97  98  99  100  101  102  103  104  105  108  111  112  113  114  115  116  117  118  119  125  126  127  128  129  130  131  132  133  134  135  140  144  147  148  149 
72 99
 2  3  5  9  10  11  12  13  14  15  16  17  18  19  20  21  22  23  24  25  26  33  34  35  36  37  38  39  40  41  42  43  44  45  46  47  48  49  50  51  53  54  55  56  58  59  60  61  66  67  68  69  70  71  73  74  75  78  79  82  85  88  91  96  97  98  99  100  101  102  103  104  105  108  111  112  113  114  115  116  117  118  119  125  126  127  128  129  130  131  132  133  134  135  140  144  147  148  149 
73 100
 2  3  5  9  10  11  12  13  14  15  16  17  18  19  20  21  22  23  24  25  26  33  34  35  36  37  38  39  40  41  42  43  44  45  46  47  48  49  50  51  53  54  55  56  58  59  60  61  66  67  68  69  70  71  72  74  75  78  79  82  85  88  91  96  97  98  99  100  101  102  103  104  105  108  111  112  113  114  115  116  117  118  119  125  126  127  128  129  130  131  132  133  134  135  140  144  146  147  148  149 
74 103
 2  3  5  9  10  11  12  13  14  15  16  17  18  19  20  21  22  23  24  25  26  33  34  35  36  37  38  39  40  41  42  43  44  45  46  47  48  49  50  51  52  53  54  55  56  58  59  60  61  66  67  68  69  70  71  72  73  75  78  79  80  82  85  88  91  95  96  97  98  99  100  101  102  103  104  105  108  111  112  113  114  115  116  117  118  119  125  126  127  128  129  130  131  132  133  134  135  140  144  146  147  148  149 
75 103
 1  2  3  4  5  9  10  11  12  13  14  15  16  17  18  19  20  21  22  23  24  25  26  28  33  34  35  36  37  38  39  40  41  42  43  44  45  46  47  48  49  50  51  52  53  54  55  56  58  59  60  61  66  67  68  69  70  71  72  73  74  78  79  80  82  85  89  96  97  99  100  101  102  103  104  105  106  108  110  111  112  113  114  115  116  117  118  119  125  126  127  128  129  130  131  132  133  134  135  144  147  148  149 
76 29
 0  7  29  30  31  32  62  63  64  65  77  86  87  88  90  91  92  93  94  107  109  122  123  137  139  141  142  143  145 
77 47
 0  1  4  7  8  28  29  31  32  41  49  52  56  58  62  63  64  65  68  69  76  80  81  83  84  87  90  91  92  93  94  96  98  107  109  110  121  122  123  124  137  139  141  142  143  145  146 
78 104
 1  2  3  4  5  6  8  9  10  11  12  13  14  15  16  17  18  19  20  21  22  23  24  25  26  33  34  35  36  37  38  39  40  41  42  43  44  45  46  47  48  49  50  51  52  53  54  55  56  59  65  66  67  68  69  70  71  72  73  74  75  79  80  81  82  85  89  96  97  99  100  101  102  103  104  105  110  111  112  113  114  115  116  117  118  119  124  125  126  127  128  129  130  131  132  133  134  135  140  142  144  147  148  149 
79 101
 2  3  5  9  10  11  12  13  14  15  16  17  18  19  20  21  22  23  24  25  26  33  34  35  36  37  38  39  40  41  42  43  44  45  46  47  48  49  50  51  52  53  54  55  56  58  59  60  61  66  67  68  69  70  71  72  73  74  75  78  80  82  85  88  91  96  97  98  99  100  101  102  103  104  105  108  110  111  112  113  114  115  116  117  118  119  125  126  127  128  129  130  131  132  133  134  135  144  147  148  149 
80 102
 1  3  4  5  8  9  10  11  12  13  14  15  16  17  18  19  20  21  23  24  25  26  28  33  34  35  36  37  38  39  40  41  44  45  46  47  49  51  52  53  54  55  56  57  58  59  65  66  68  69  71  74  75  77  78  79  81  82  83  84  85  96  98  100  101  102  103  104  105  106  107  109  110  111  112  113  114  115  116  117  118  119  121  124  125  126  127  128  129  130  132  133  134  135  136  137  141  144  146  147  148  149 
81 40
 0  1  3  4  7  8  27  28  33  41  49  52  56  57  58  65  66  68  69  77  78  80  83  84  85  96  98  106  107  109  110  120  121  124  136  137  139  141  144  146 
82 108
 1  2  3  4  5  8  9  10  11  12  13  14  15  16  17  18  19  20  21  22  23  24  25  26  28  33  34  35  36  37  38  39  40  41  42  43  44  45  46  47  48  49  50  51  52  53  54  55  56  58  59  60  66  67  68  69  70  71  72  73  74  75  78  79  80  85  89  96  97  98  99  100  101  102  103  104  105  106  107  108  110  111  112  113  114  115  116  117  118  119  124  125  126  127  128  129  130  131  132  133  134  135  136  142  144  147  148  149 
83 45
 0  1  3  4  28  41  49  52  56  57  58  59  60  61  63  65  68  69  77  80  81  84  86  87  88  90  91  95  96  98  106  107  108  109  121  122  136  137  138  139  140  141  143  144  146 
84 43
 0  1  3  4  5  7  12  13  28  41  49  50  52  56  58  65  68  69  77  80  81  83  85  86  87  90  91  95  96  98  99  106  107  109  121  135  136  137  141  143  144  146  147 
85 113
 0  1  2  3  4  5  8  9  10  11  12  13  14  15  16  17  18  19  20  21  22  23  24  25  26  28  33  34  35  36  37  38  39  40  41  42  43  44  45  46  47  48  49  50  51  52  53  54  55  56  58  59  61  65  66  67  68  69  70  71  72  73  74  75  78  79  80  81  82  84  87  89  91  95  96  97  98  99  100  101  102  103  104  105  106  107  110  111  112  113  114  115  116  117  118  119  121  126  127  128  129  130  131  132  133  134  135  137  144  146  147  148  149 
86 30
 0  6  29  30  31  60  61  63  76  83  84  87  88  89  90  91  93  94  95  98  106  121  122  136  138  139  140  141  143  146 
87 38
 0  7  28  29  30  31  58  62  63  64  65  76  77  83  84  85  86  88  90  91  92  93  94  95  98  107  109  121  122  123  137  138  139  141  142  143  145  146 
88 80
 2  6  9  10  15  16  18  19  20  21  22  24  25  26  27  30  35  37  40  42  43  44  45  46  47  48  53  54  55  59  60  61  63  71  72  73  74  76  79  83  86  87  89  90  91  93  95  100  101  102  103  104  105  108  111  112  115  116  118  119  120  122  124  125  127  128  129  130  131  132  133  134  138  139  140  141  142  143  148  149 
89 24
 0  5  6  50  58  59  60  61  66  75  78  82  85  86  88  91  95  97  99  108  138  140  144  147 
90 36
 0  7  29  30  31  57  60  61  62  63  64  65  76  77  83  84  86  87  88  91  92  93  94  95  98  109  122  123  137  138  139  140  141  143  145  146 
91 105
 0  2  4  6  7  9  10  11  12  16  17  18  19  20  21  22  23  24  25  26  28  30  35  36  37  38  42  43  44  45  46  47  48  50  51  53  54  55  58  59  60  61  63  65  67  70  71  72  73  74  76  77  79  83  84  85  86  87  88  89  90  95  96  98  99  100  101  102  103  104  105  107  108  109  112  113  114  115  116  117  118  119  121  122  126  127  128  129  130  131  132  133  134  135  137  138  139  140  141  142  143  146  147  148  149 
92 22
 0  7  29  31  32  62  63  64  65  76  77  87  90  93  94  109  122  123  139  141  143  145 
93 29
 0  7  27  29  30  31  57  62  63  64  65  76  77  86  87  88  90  92  94  106  109  120  122  136  137  138  142  143  145 
94 23
 0  7  29  30  31  32  62  63  64  76  77  86  87  90  92  93  109  122  123  137  139  143  145 
95 37
 0  4  6  28  30  49  50  58  60  61  63  74  83  84  85  86  87  88  89  90  91  96  98  106  107  108  121  122  126  135  137  138  139  140  141  143  146 
96 116
 0  1  2  3  4  5  8  9  10  11  12  13  14  15  16  17  18  19  20  21  22  23  24  25  26  28  33  34  35  36  37  38  39  40  41  42  43  44  45  46  47  49  50  51  52  53  54  55  56  57  58  59  65  66  67  68  69  70  71  72  73  74  75  77  78  79  80  81  82  83  84  85  91  95  97  98  99  100  101  102  103  104  105  106  107  110  111  112  113  114  115  116  117  118  119  121  124  125  126  127  128  129  130  131  132  133  134  135  136  137  143  144  146  147  148  149 
97 101
 2  3  5  6  9  10  11  12  13  14  15  16  17  18  19  20  21  22  23  24  25  26  28  33  34  35  36  37  38  39  40  42  43  44  45  46  47  48  49  50  51  53  54  55  56  58  59  61  66  67  68  69  70  71  72  73  74  75  78  79  82  85  89  96  98  99  100  101  102  103  104  105  106  108  110  111  112  113  114  115  116  117  118  119  121  125  126  127  128  129  130  131  132  133  134  135  144  146  147  148  149 
98 114
 0  1  2  3  4  5  7  9  10  11  12  13  14  15  16  17  18  19  20  21  22  23  24  25  26  28  34  35  36  37  38  39  40  41  42  43  44  45  46  47  49  50  51  52  53  54  55  56  58  59  61  65  67  68  69  70  71  72  73  74  77  79  80  81  82  83  84  85  86  87  90  91  95  96  97  99  100  101  102  103  104  105  106  107  109  110  111  112  113  114  115  116  117  118  119  121  126  127  128  129  130  131  132  133  134  135  136  137  143  144  146  147  148  149 
99 105
 0  2  3  5  6  8  9  10  11  12  13  14  15  16  17  18  19  20  21  22  23  24  25  26  28  33  34  35  36  37  38  39  40  42  43  44  45  46  47  48  49  50  51  53  54  55  56  58  59  61  66  67  68  69  70  71  72  73  74  75  78  79  82  84  85  89  91  96  97  98  100  101  102  103  104  105  107  108  110  111  112  113  114  115  116  117  118  119  121  125  126  127  128  129  130  131  132  133  134  135  144  146  147  148  149 
100 103
 1  2  3  5  9  10  11  12  13  14  15  16  17  18  19  20  21  22  23  24  25  26  33  34  35  36  37  38  39  40  41  42  43  44  45  46  47  48  49  50  51  52  53  54  55  56  58  59  60  61  66  67  68  69  70  71  72  73  74  75  78  79  80  82  85  88  91  96  97  98  99  101  102  103  104  105  108  110  111  112  113  114  115  116  117  118  119  125  126  127  128  129  130  131  132  133  134  135  144  146  147  148  149 
101 101
 2  3  5  9  10  11  12  13  14  15  16  17  18  19  20  21  22  23  24  25  26  33  34  35  36  37  38  39  40  41  42  43  44  45  46  47  48  49  50  51  52  53  54  55  56  58  59  60  61  66  67  68  69  70  71  72  73  74  75  78  79  80  82  85  88  91  96  97  98  99  100  102  103  104  105  108  111  112  113  114  115  116  117  118  119  125  126  127  128  129  130  131  132  133  134  135  140  144  147  148  149 
102 102
 2  3  5  9  10  11  12  13  14  15  16  17  18  19  20  21  22  23  24  25  26  33  34  35  36  37  38  39  40  41  42  43  44  45  46  47  48  49  50  51  52  53  54  55  56  58  59  60  61  66  67  68  69  70  71  72  73  74  75  78  79  80  82  85  88  91  96  97  98  99  100  101  103  104  105  108  111  112  113  114  115  116  117  118  119  125  126  127  128  129  130  131  132  133  134  135  140  144  146  147  148  149 
103 103
 2  3  5  9  10  11  12  13  14  15  16  17  18  19  20  21  22  23  24  25  26  33  34  35  36  37  38  39  40  41  42  43  44  45  46  47  48  49  50  51  52  53  54  55  56  58  59  60  61  66  67  68  69  70  71  72  73  74  75  78  79  80  82  85  88  91  96  97  98  99  100  101  102  104  105  108  111  112  113  114  115  116  117  118  119  121  125  126  127  128  129  130  131  132  133  134  135  140  144  146  147  148  149 
104 105
 1  2  3  5  9  10  11  12  13  14  15  16  17  18  19  20  21  22  23  24  25  26  28  33  34  35  36  37  38  39  40  41  42  43  44  45  46  47  48  49  50  51  52  53  54  55  56  58  59  60  61  66  67  68  69  70  71  72  73  74  75  78  79  80  82  85  88  91  96  97  98  99  100  101  102  103  105  108  110  111  112  113  114  115  116  117  118  119  121  125  126  127  128  129  130  131  132  133  134  135  144  146  147  148  149 
105 105
 1  2  3  5  9  10  11  12  13  14  15  16  17  18  19  20  21  22  23  24  25  26  28  33  34  35  36  37  38  39  40  41  42  43  44  45  46  47  48  49  50  51  52  53  54  55  56  58  59  60  61  66  67  68  69  70  71  72  73  74  75  78  79  80  82  85  88  91  96  97  98  99  100  101  102  103  104  108  110  111  112  113  114  115  116  117  118  119  121  125  126  127  128  129  130  131  132  133  134  135  144  146  147  148  149 
106 34
 1  3  4  5  27  28  41  49  52  56  57  68  69  75  80  81  82  83  84  85  86  93  95  96  97  98  107  120  121  136  137  138  144  146 
107 42
 0  1  3  4  5  7  28  41  49  52  56  57  58  62  64  65  68  69  76  77  80  81  82  83  84  85  87  91  95  96  98  99  106  109  121  124  136  137  142  144  146  147 
108 91
 2  5  6  9  10  11  12  13  14  15  16  17  18  19  20  21  22  23  24  25  26  34  35  36  37  38  39  40  42  43  44  45  46  47  48  50  51  53  54  55  59  60  61  67  70  71  72  73  74  75  79  82  83  88  89  91  95  97  99  100  101  102  103  104  105  111  112  113  114  115  116  117  118  119  125  126  127  128  129  130  131  132  133  134  135  138  140  144  147  148  149 
109 42
 0  1  4  7  8  28  29  31  32  52  58  62  63  64  65  69  76  77  80  81  83  84  87  90  91  92  93  94  98  107  110  121  122  123  124  137  139  141  142  143  145  146 
110 69
 1  3  4  5  8  9  10  11  12  13  14  15  16  17  18  19  20  28  33  34  35  36  37  38  39  40  41  49  52  55  56  58  65  66  68  69  75  77  78  79  80  81  82  85  96  97  98  99  100  104  105  109  111  112  114  115  116  117  118  119  124  125  128  135  140  142  144  147  148 
111 104
 1  2  3  4  5  8  9  10  11  12  13  14  15  16  17  18  19  20  21  22  23  24  25  26  33  34  35  36  37  38  39  40  41  42  43  44  45  46  47  48  49  50  51  52  53  54  55  56  58  59  60  61  66  67  68  69  70  71  72  73  74  75  78  79  80  82  85  88  96  97  98  99  100  101  102  103  104  105  108  110  112  113  114  115  116  117  118  119  125  126  127  128  129  130  131  132  133  134  135  144  146  147  148  149 
112 102
 2  3  5  9  10  11  12  13  14  15  16  17  18  19  20  21  22  23  24  25  26  33  34  35  36  37  38  39  40  41  42  43  44  45  46  47  48  49  50  51  52  53  54  55  56  58  59  60  61  66  67  68  69  70  71  72  73  74  75  78  79  80  82  85  88  91  96  97  98  99  100  101  102  103  104  105  108  110  111  113  114  115  116  117  118  119  125  126  127  128  129  130  131  132  133  134  135  140  144  147  148  149 
113 102
 2  3  5  9  10  11  12  13  14  15  16  17  18  19  20  21  22  23  24  25  26  28  33  34  35  36  37  38  39  40  41  42  43  44  45  46  47  48  49  50  51  52  53  54  55  56  58  59  60  61  66  67  68  69  70  71  72  73  74  75  78  79  80  82  85  91  96  97  98  99  100  101  102  103  104  105  108  111  112  114  115  116  117  118  119  121  125  126  127  128  129  130  131  132  133  134  135  144  146  147  148  149 
114 104
 1  2  3  5  9  10  11  12  13  14  15  16  17  18  19  20  21  22  23  24  25  26  28  33  34  35  36  37  38  39  40  41  42  43  44  45  46  47  48  49  50  51  52  53  54  55  56  58  59  60  61  66  67  68  69  70  71  72  73  74  75  78  79  80  82  85  91  96  97  98  99  100  101  102  103  104  105  108  110  111  112  113  115  116  117  118  119  121  125  126  127  128  129  130  131  132  133  134  135  144  146  147  148  149 
115 105
 1  2  3  5  8  9  10  11  12  13  14  15  16  17  18  19  20  21  22  23  24  25  26  33  34  35  36  37  38  39  40  41  42  43  44  45  46  47  48  49  50  51  52  53  54  55  56  58  59  60  61  66  67  68  69  70  71  72  73  74  75  78  79  80  82  85  88  91  96  97  98  99  100  101  102  103  104  105  108  110  111  112  113  114  116  117  118  119  121  125  126  127  128  129  130  131  132  133  134  135  144  146  147  148  149 
116 104
 1  2  3  5  9  10  11  12  13  14  15  16  17  18  19  20  21  22  23  24  25  26  33  34  35  36  37  38  39  40  41  42  43  44  45  46  47  48  49  50  51  52  53  54  55  56  58  59  60  61  66  67  68  69  70  71  72  73  74  75  78  79  80  82  85  88  91  96  97  98  99  100  101  102  103  104  105  108  110  111  112  113  114  115  117  118  119  121  125  126  127  128  129  130  131  132  133  134  135  144  146  147  148  149 
117 105
 1  2  3  5  8  9  10  11  12  13  14  15  16  17  18  19  20  21  22  23  24  25  26  28  33  34  35  36  37  38  39  40  41  42  43  44  45  46  47  48  49  50  51  52  53  54  55  56  58  59  60  61  66  67  68  69  70  71  72  73  74  75  78  79  80  82  85  91  96  97  98  99  100  101  102  103  104  105  108  110  111  112  113  114  115  116  118  119  121  125  126  127  128  129  130  131  132  133  134  135  144  146  147  148  149 
118 104
 1  2  3  5  8  9  10  11  12  13  14  15  16  17  18  19  20  21  22  23  24  25  26  33  34  35  36  37  38  39  40  41  42  43  44  45  46  47  48  49  50  51  52  53  54  55  56  58  59  60  61  66  67  68  69  70  71  72  73  74  75  78  79  80  82  85  88  91  96  97  98  99  100  101  102  103  104  105  108  110  111  112  113  114  115  116  117  119  125  126  127  128  129  130  131  132  133  134  135  144  146  147  148  149 
119 103
 2  3  5  9  10  11  12  13  14  15  16  17  18  19  20  21  22  23  24  25  26  33  34  35  36  37  38  39  40  41  42  43  44  45  46  47  48  49  50  51  52  53  54  55  56  58  59  60  61  66  67  68  69  70  71  72  73  74  75  78  79  80  82  85  88  91  96  97  98  99  100  101  102  103  104  105  108  110  111  112  113  114  115  116  117  118  125  126  127  128  129  130  131  132  133  134  135  140  144  146  147  148  149 
120 16
 27  30  32  57  60  81  88  93  106  122  124  136  138  141  142  145 
121 68
 0  1  3  4  5  7  11  12  13  14  16  17  18  19  23  28  34  35  36  38  39  41  49  50  51  52  54  56  58  62  65  68  69  70  77  80  81  83  84  85  86  87  91  95  96  97  98  99  103  104  105  106  107  109  113  114  115  116  117  126  127  135  136  137  143  144  146  147 
122 32
 7  27  29  30  31  57  60  62  63  64  65  76  77  83  86  87  88  90  91  92  93  94  95  109  120  123  138  139  140  141  143  145 
123 21
 0  7  29  31  32  62  63  64  65  76  77  87  90  92  94  109  122  139  141  143  145 
124 33
 1  3  4  7  8  28  33  41  49  52  56  57  60  65  66  68  69  77  78  80  81  82  88  96  107  109  110  120  125  137  139  142  144 
125 102
 1  2  3  4  5  8  9  10  11  12  13  14  15  16  17  18  19  20  21  22  23  24  25  26  33  34  35  36  37  38  39  40  41  42  43  44  45  46  47  48  49  50  51  52  53  54  55  56  58  59  60  66  67  68  69  70  71  72  73  74  75  78  79  80  82  88  96  97  99  100  101  102  103  104  105  108  110  111  112  113  114  115  116  117  118  119  124  126  127  128  129  130  131  132  133  134  135  140  144  147  148  149 
126 102
 2  3  5  9  10  11  12  13  14  15  16  17  18  19  20  21  22  23  24  25  26  28  34  35  36  37  38  39  40  41  42  43  44  45  46  47  48  49  50  51  53  54  55  56  58  59  60  61  66  67  68  69  70  71  72  73  74  75  78  79  80  82  85  91  95  96  97  98  99  100  101  102  103  104  105  108  111  112  113  114  115  116  117  118  119  121  125  127  128  129  130  131  132  133  134  135  140  144  146  147  148  149 
127 102
 2  3  5  9  10  11  12  13  14  15  16  17  18  19  20  21  22  23  24  25  26  33  34  35  36  37  38  39  40  41  42  43  44  45  46  47  48  49  50  51  52  53  54  55  56  58  59  60  61  66  67  68  69  70  71  72  73  74  75  78  79  80  82  85  88  91  96  97  98  99  100  101  102  103  104  105  108  111  112  113  114  115  116  117  118  119  121  125  126  128  129  130  131  132  133  134  135  144  146  147  148  149 
128 102
 2  3  5  9  10  11  12  13  14  15  16  17  18  19  20  21  22  23  24  25  26  33  34  35  36  37  38  39  40  41  42  43  44  45  46  47  48  49  50  51  52  53  54  55  56  58  59  60  61  66  67  68  69  70  71  72  73  74  75  78  79  80  82  85  88  91  96  97  98  99  100  101  102  103  104  105  108  110  111  112  113  114  115  116  117  118  119  125  126  127  129  130  131  132  133  134  135  144  146  147  148  149 
129 102
 2  3  5  9  10  11  12  13  14  15  16  17  18  19  20  21  22  23  24  25  26  33  34  35  36  37  38  39  40  41  42  43  44  45  46  47  48  49  50  51  52  53  54  55  56  58  59  60  61  66  67  68  69  70  71  72  73  74  75  78  79  80  82  85  88  91  96  97  98  99  100  101  102  103  104  105  108  111  112  113  114  115  116  117  118  119  125  126  127  128  130  131  132  133  134  135  140  144  146  147  148  149 
130 102
 2  3  5  9  10  11  12  13  14  15  16  17  18  19  20  21  22  23  24  25  26  33  34  35  36  37  38  39  40  41  42  43  44  45  46  47  48  49  50  51  52  53  54  55  56  58  59  60  61  66  67  68  69  70  71  72  73  74  75  78  79  80  82  85  88  91  96  97  98  99  100  101  102  103  104  105  108  111  112  113  114  115  116  117  118  119  125  126  127  128  129  131  132  133  134  135  140  144  146  147  148  149 
131 100
 2  3  5  9  10  11  12  13  14  15  16  17  18  19  20  21  22  23  24  25  26  33  34  35  36  37  38  39  40  41  42  43  44  45  46  47  48  49  50  51  53  54  55  56  58  59  60  61  66  67  68  69  70  71  72  73  74  75  78  79  82  85  88  91  96  97  98  99  100  101  102  103  104  105  108  111  112  113  114  115  116  117  118  119  125  126  127  128  129  130  132  133  134  135  140  144  146  147  148  149 
132 102
 2  3  5  9  10  11  12  13  14  15  16  17  18  19  20  21  22  23  24  25  26  33  34  35  36  37  38  39  40  41  42  43  44  45  46  47  48  49  50  51  52  53  54  55  56  58  59  60  61  66  67  68  69  70  71  72  73  74  75  78  79  80  82  85  88  91  96  97  98  99  100  101  102  103  104  105  108  111  112  113  114  115  116  117  118  119  125  126  127  128  129  130  131  133  134  135  140  144  146  147  148  149 
133 101
 2  3  5  9  10  11  12  13  14  15  16  17  18  19  20  21  22  23  24  25  26  33  34  35  36  37  38  39  40  41  42  43  44  45  46  47  48  49  50  51  52  53  54  55  56  58  59  60  61  66  67  68  69  70  71  72  73  74  75  78  79  80  82  85  88  91  96  97  98  99  100  101  102  103  104  105  108  111  112  113  114  115  116  117  118  119  125  126  127  128  129  130  131  132  134  135  140  144  147  148  149 
134 102
 2  3  5  9  10  11  12  13  14  15  16  17  18  19  20  21  22  23  24  25  26  33  34  35  36  37  38  39  40  41  42  43  44  45  46  47  48  49  50  51  52  53  54  55  56  58  59  60  61  66  67  68  69  70  71  72  73  74  75  78  79  80  82  85  88  91  96  97  98  99  100  101  102  103  104  105  108  111  112  113  114  115  116  117  118  119  125  126  127  128  129  130  131  132  133  135  140  144  146  147  148  149 
135 108
 1  2  3  4  5  8  9  10  11  12  13  14  15  16  17  18  19  20  21  22  23  24  25  26  28  33  34  35  36  37  38  39  40  41  42  43  44  45  46  47  48  49  50  51  52  53  54  55  56  58  59  60  61  66  67  68  69  70  71  72  73  74  75  78  79  80  82  84  85  91  95  96  97  98  99  100  101  102  103  104  105  108  110  111  112  113  114  115  116  117  118  119  121  125  126  127  128  129  130  131  132  133  134  144  146  147  148  149 
136 30
 1  3  4  27  28  41  49  52  56  57  68  69  80  81  82  83  84  86  93  96  98  106  107  120  121  137  138  142  144  146 
137 46
 0  1  3  4  7  27  28  41  49  52  56  57  58  62  64  65  68  69  76  77  80  81  83  84  85  87  90  91  93  94  95  96  98  106  107  109  121  124  136  139  141  142  143  144  145  146 
138 24
 0  6  30  60  63  83  86  87  88  89  90  91  93  95  106  108  120  122  136  139  140  141  143  146 
139 34
 0  7  29  30  31  60  61  62  63  64  65  76  77  81  83  86  87  88  90  91  92  94  95  109  122  123  124  137  138  140  141  142  143  145 
140 65
 0  2  6  8  10  15  21  22  25  26  30  33  35  37  42  43  44  46  47  48  50  53  54  59  60  61  63  66  67  70  71  72  73  74  78  83  86  88  89  90  91  95  101  102  103  108  110  112  119  122  125  126  129  130  131  132  133  134  138  139  142  143  144  148  149 
141 36
 1  4  7  27  30  31  32  52  57  60  62  63  64  65  76  77  80  81  83  84  86  87  88  90  91  92  95  109  120  122  123  137  138  139  143  145 
142 28
 0  1  7  8  27  28  33  60  65  66  76  77  78  82  87  88  91  93  107  109  110  120  124  136  137  139  140  144 
143 38
 0  7  29  30  31  58  60  61  62  63  64  65  76  77  83  84  86  87  88  90  91  92  93  94  95  96  98  109  121  122  123  137  138  139  140  141  145  146 
144 117
 1  2  3  4  5  6  8  9  10  11  12  13  14  15  16  17  18  19  20  21  22  23  24  25  26  28  33  34  35  36  37  38  39  40  41  42  43  44  45  46  47  48  49  50  51  52  53  54  55  56  58  59  60  61  66  67  68  69  70  71  72  73  74  75  78  79  80  81  82  83  84  85  89  96  97  98  99  100  101  102  103  104  105  106  107  108  110  111  112  113  114  115  116  117  118  119  121  124  125  126  127  128  129  130  131  132  133  134  135  136  137  140  142  146  147  148  149 
145 26
 0  7  27  29  30  31  32  62  63  64  65  76  77  87  90  92  93  94  109  120  122  123  137  139  141  143 
146 106
 0  1  3  4  5  7  9  10  11  12  13  14  15  16  17  18  19  20  22  23  24  25  26  28  34  35  36  37  38  39  41  42  43  44  45  46  47  49  50  51  52  53  54  55  56  58  59  61  62  64  65  67  68  69  70  73  74  77  80  81  83  84  85  86  87  90  91  95  96  97  98  99  100  102  103  104  105  106  107  109  111  113  114  115  116  117  118  119  121  126  127  128  129  130  131  132  134  135  136  137  138  143  144  147  148  149 
147 110
 0  1  2  3  4  5  6  8  9  10  11  12  13  14  15  16  17  18  19  20  21  22  23  24  25  26  28  33  34  35  36  37  38  39  40  41  42  43  44  45  46  47  48  49  50  51  52  53  54  55  56  58  59  61  66  67  68  69  70  71  72  73  74  75  78  79  80  82  84  85  89  91  96  97  98  99  100  101  102  103  104  105  107  108  110  111  112  113  114  115  116  117  118  119  121  125  126  127  128  129  130  131  132  133  134  135  144  146  148  149 
148 105
 1  2  3  5  8  9  10  11  12  13  14  15  16  17  18  19  20  21  22  23  24  25  26  33  34  35  36  37  38  39  40  41  42  43  44  45  46  47  48  49  50  51  52  53  54  55  56  58  59  60  61  66  67  68  69  70  71  72  73  74  75  78  79  80  82  85  88  91  96  97  98  99  100  101  102  103  104  105  108  110  111  112  113  114  115  116  117  118  119  125  126  127  128  129  130  131  132  133  134  135  140  144  146  147  149 
149 102
 2  3  5  9  10  11  12  13  14  15  16  17  18  19  20  21  22  23  24  25  26  33  34  35  36  37  38  39  40  41  42  43  44  45  46  47  48  49  50  51  52  53  54  55  56  58  59  60  61  66  67  68  69  70  71  72  73  74  75  78  79  80  82  85  88  91  96  97  98  99  100  101  102  103  104  105  108  111  112  113  114  115  116  117  118  119  125  126  127  128  129  130  131  132  133  134  135  140  144  146  147  148 
