100

0 27
1 2 3 4 5 6 7 8 9 10 11 20 22 30 33 40 44 50 55 60 66 70 77 80 88 90 99 
1 27
0 2 3 4 5 6 7 8 9 10 11 12 21 23 31 34 41 45 51 56 61 67 71 78 81 89 91 
2 27
0 1 3 4 5 6 7 8 9 11 12 13 20 22 24 32 35 42 46 52 57 62 68 72 79 82 92 
3 27
0 1 2 4 5 6 7 8 9 12 13 14 21 23 25 30 33 36 43 47 53 58 63 69 73 83 93 
4 27
0 1 2 3 5 6 7 8 9 13 14 15 22 24 26 31 34 37 40 44 48 54 59 64 74 84 94 
5 27
0 1 2 3 4 6 7 8 9 14 15 16 23 25 27 32 35 38 41 45 49 50 55 65 75 85 95 
6 27
0 1 2 3 4 5 7 8 9 15 16 17 24 26 28 33 36 39 42 46 51 56 60 66 76 86 96 
7 27
0 1 2 3 4 5 6 8 9 16 17 18 25 27 29 34 37 43 47 52 57 61 67 70 77 87 97 
8 27
0 1 2 3 4 5 6 7 9 17 18 19 26 28 35 38 44 48 53 58 62 68 71 78 80 88 98 
9 27
0 1 2 3 4 5 6 7 8 18 19 27 29 36 39 45 49 54 59 63 69 72 79 81 89 90 99 
10 27
0 1 11 12 13 14 15 16 17 18 19 20 21 30 32 40 43 50 54 60 65 70 76 80 87 90 98 
11 29
0 1 2 10 12 13 14 15 16 17 18 19 20 21 22 31 33 41 44 51 55 61 66 71 77 81 88 91 99 
12 29
1 2 3 10 11 13 14 15 16 17 18 19 21 22 23 30 32 34 42 45 52 56 62 67 72 78 82 89 92 
13 29
2 3 4 10 11 12 14 15 16 17 18 19 22 23 24 31 33 35 40 43 46 53 57 63 68 73 79 83 93 
14 29
3 4 5 10 11 12 13 15 16 17 18 19 23 24 25 32 34 36 41 44 47 50 54 58 64 69 74 84 94 
15 29
4 5 6 10 11 12 13 14 16 17 18 19 24 25 26 33 35 37 42 45 48 51 55 59 60 65 75 85 95 
16 29
5 6 7 10 11 12 13 14 15 17 18 19 25 26 27 34 36 38 43 46 49 52 56 61 66 70 76 86 96 
17 29
6 7 8 10 11 12 13 14 15 16 18 19 26 27 28 35 37 39 44 47 53 57 62 67 71 77 80 87 97 
18 29
7 8 9 10 11 12 13 14 15 16 17 19 27 28 29 36 38 45 48 54 58 63 68 72 78 81 88 90 98 
19 27
8 9 10 11 12 13 14 15 16 17 18 28 29 37 39 46 49 55 59 64 69 73 79 82 89 91 99 
20 27
0 2 10 11 21 22 23 24 25 26 27 28 29 30 31 40 42 50 53 60 64 70 75 80 86 90 97 
21 29
1 3 10 11 12 20 22 23 24 25 26 27 28 29 30 31 32 41 43 51 54 61 65 71 76 81 87 91 98 
22 31
0 2 4 11 12 13 20 21 23 24 25 26 27 28 29 31 32 33 40 42 44 52 55 62 66 72 77 82 88 92 99 
23 31
1 3 5 12 13 14 20 21 22 24 25 26 27 28 29 32 33 34 41 43 45 50 53 56 63 67 73 78 83 89 93 
24 31
2 4 6 13 14 15 20 21 22 23 25 26 27 28 29 33 34 35 42 44 46 51 54 57 60 64 68 74 79 84 94 
25 31
3 5 7 14 15 16 20 21 22 23 24 26 27 28 29 34 35 36 43 45 47 52 55 58 61 65 69 70 75 85 95 
26 31
4 6 8 15 16 17 20 21 22 23 24 25 27 28 29 35 36 37 44 46 48 53 56 59 62 66 71 76 80 86 96 
27 31
5 7 9 16 17 18 20 21 22 23 24 25 26 28 29 36 37 38 45 47 49 54 57 63 67 72 77 81 87 90 97 
28 29
6 8 17 18 19 20 21 22 23 24 25 26 27 29 37 38 39 46 48 55 58 64 68 73 78 82 88 91 98 
29 27
7 9 18 19 20 21 22 23 24 25 26 27 28 38 39 47 49 56 59 65 69 74 79 83 89 92 99 
30 27
0 3 10 12 20 21 31 32 33 34 35 36 37 38 39 40 41 50 52 60 63 70 74 80 85 90 96 
31 29
1 4 11 13 20 21 22 30 32 33 34 35 36 37 38 39 40 41 42 51 53 61 64 71 75 81 86 91 97 
32 31
2 5 10 12 14 21 22 23 30 31 33 34 35 36 37 38 39 41 42 43 50 52 54 62 65 72 76 82 87 92 98 
33 33
0 3 6 11 13 15 22 23 24 30 31 32 34 35 36 37 38 39 42 43 44 51 53 55 60 63 66 73 77 83 88 93 99 
34 33
1 4 7 12 14 16 23 24 25 30 31 32 33 35 36 37 38 39 43 44 45 52 54 56 61 64 67 70 74 78 84 89 94 
35 33
2 5 8 13 15 17 24 25 26 30 31 32 33 34 36 37 38 39 44 45 46 53 55 57 62 65 68 71 75 79 80 85 95 
36 33
3 6 9 14 16 18 25 26 27 30 31 32 33 34 35 37 38 39 45 46 47 54 56 58 63 66 69 72 76 81 86 90 96 
37 31
4 7 15 17 19 26 27 28 30 31 32 33 34 35 36 38 39 46 47 48 55 57 59 64 67 73 77 82 87 91 97 
38 29
5 8 16 18 27 28 29 30 31 32 33 34 35 36 37 39 47 48 49 56 58 65 68 74 78 83 88 92 98 
39 27
6 9 17 19 28 29 30 31 32 33 34 35 36 37 38 48 49 57 59 66 69 75 79 84 89 93 99 
40 27
0 4 10 13 20 22 30 31 41 42 43 44 45 46 47 48 49 50 51 60 62 70 73 80 84 90 95 
41 29
1 5 11 14 21 23 30 31 32 40 42 43 44 45 46 47 48 49 50 51 52 61 63 71 74 81 85 91 96 
42 31
2 6 12 15 20 22 24 31 32 33 40 41 43 44 45 46 47 48 49 51 52 53 60 62 64 72 75 82 86 92 97 
43 33
3 7 10 13 16 21 23 25 32 33 34 40 41 42 44 45 46 47 48 49 52 53 54 61 63 65 70 73 76 83 87 93 98 
44 35
0 4 8 11 14 17 22 24 26 33 34 35 40 41 42 43 45 46 47 48 49 53 54 55 62 64 66 71 74 77 80 84 88 94 99 
45 35
1 5 9 12 15 18 23 25 27 34 35 36 40 41 42 43 44 46 47 48 49 54 55 56 63 65 67 72 75 78 81 85 89 90 95 
46 33
2 6 13 16 19 24 26 28 35 36 37 40 41 42 43 44 45 47 48 49 55 56 57 64 66 68 73 76 79 82 86 91 96 
47 31
3 7 14 17 25 27 29 36 37 38 40 41 42 43 44 45 46 48 49 56 57 58 65 67 69 74 77 83 87 92 97 
48 29
4 8 15 18 26 28 37 38 39 40 41 42 43 44 45 46 47 49 57 58 59 66 68 75 78 84 88 93 98 
49 27
5 9 16 19 27 29 38 39 40 41 42 43 44 45 46 47 48 58 59 67 69 76 79 85 89 94 99 
50 27
0 5 10 14 20 23 30 32 40 41 51 52 53 54 55 56 57 58 59 60 61 70 72 80 83 90 94 
51 29
1 6 11 15 21 24 31 33 40 41 42 50 52 53 54 55 56 57 58 59 60 61 62 71 73 81 84 91 95 
52 31
2 7 12 16 22 25 30 32 34 41 42 43 50 51 53 54 55 56 57 58 59 61 62 63 70 72 74 82 85 92 96 
53 33
3 8 13 17 20 23 26 31 33 35 42 43 44 50 51 52 54 55 56 57 58 59 62 63 64 71 73 75 80 83 86 93 97 
54 35
4 9 10 14 18 21 24 27 32 34 36 43 44 45 50 51 52 53 55 56 57 58 59 63 64 65 72 74 76 81 84 87 90 94 98 
55 35
0 5 11 15 19 22 25 28 33 35 37 44 45 46 50 51 52 53 54 56 57 58 59 64 65 66 73 75 77 82 85 88 91 95 99 
56 33
1 6 12 16 23 26 29 34 36 38 45 46 47 50 51 52 53 54 55 57 58 59 65 66 67 74 76 78 83 86 89 92 96 
57 31
2 7 13 17 24 27 35 37 39 46 47 48 50 51 52 53 54 55 56 58 59 66 67 68 75 77 79 84 87 93 97 
58 29
3 8 14 18 25 28 36 38 47 48 49 50 51 52 53 54 55 56 57 59 67 68 69 76 78 85 88 94 98 
59 27
4 9 15 19 26 29 37 39 48 49 50 51 52 53 54 55 56 57 58 68 69 77 79 86 89 95 99 
60 27
0 6 10 15 20 24 30 33 40 42 50 51 61 62 63 64 65 66 67 68 69 70 71 80 82 90 93 
61 29
1 7 11 16 21 25 31 34 41 43 50 51 52 60 62 63 64 65 66 67 68 69 70 71 72 81 83 91 94 
62 31
2 8 12 17 22 26 32 35 40 42 44 51 52 53 60 61 63 64 65 66 67 68 69 71 72 73 80 82 84 92 95 
63 33
3 9 13 18 23 27 30 33 36 41 43 45 52 53 54 60 61 62 64 65 66 67 68 69 72 73 74 81 83 85 90 93 96 
64 33
4 14 19 20 24 28 31 34 37 42 44 46 53 54 55 60 61 62 63 65 66 67 68 69 73 74 75 82 84 86 91 94 97 
65 33
5 10 15 21 25 29 32 35 38 43 45 47 54 55 56 60 61 62 63 64 66 67 68 69 74 75 76 83 85 87 92 95 98 
66 33
0 6 11 16 22 26 33 36 39 44 46 48 55 56 57 60 61 62 63 64 65 67 68 69 75 76 77 84 86 88 93 96 99 
67 31
1 7 12 17 23 27 34 37 45 47 49 56 57 58 60 61 62 63 64 65 66 68 69 76 77 78 85 87 89 94 97 
68 29
2 8 13 18 24 28 35 38 46 48 57 58 59 60 61 62 63 64 65 66 67 69 77 78 79 86 88 95 98 
69 27
3 9 14 19 25 29 36 39 47 49 58 59 60 61 62 63 64 65 66 67 68 78 79 87 89 96 99 
70 27
0 7 10 16 20 25 30 34 40 43 50 52 60 61 71 72 73 74 75 76 77 78 79 80 81 90 92 
71 29
1 8 11 17 21 26 31 35 41 44 51 53 60 61 62 70 72 73 74 75 76 77 78 79 80 81 82 91 93 
72 31
2 9 12 18 22 27 32 36 42 45 50 52 54 61 62 63 70 71 73 74 75 76 77 78 79 81 82 83 90 92 94 
73 31
3 13 19 23 28 33 37 40 43 46 51 53 55 62 63 64 70 71 72 74 75 76 77 78 79 82 83 84 91 93 95 
74 31
4 14 24 29 30 34 38 41 44 47 52 54 56 63 64 65 70 71 72 73 75 76 77 78 79 83 84 85 92 94 96 
75 31
5 15 20 25 31 35 39 42 45 48 53 55 57 64 65 66 70 71 72 73 74 76 77 78 79 84 85 86 93 95 97 
76 31
6 10 16 21 26 32 36 43 46 49 54 56 58 65 66 67 70 71 72 73 74 75 77 78 79 85 86 87 94 96 98 
77 31
0 7 11 17 22 27 33 37 44 47 55 57 59 66 67 68 70 71 72 73 74 75 76 78 79 86 87 88 95 97 99 
78 29
1 8 12 18 23 28 34 38 45 48 56 58 67 68 69 70 71 72 73 74 75 76 77 79 87 88 89 96 98 
79 27
2 9 13 19 24 29 35 39 46 49 57 59 68 69 70 71 72 73 74 75 76 77 78 88 89 97 99 
80 27
0 8 10 17 20 26 30 35 40 44 50 53 60 62 70 71 81 82 83 84 85 86 87 88 89 90 91 
81 29
1 9 11 18 21 27 31 36 41 45 51 54 61 63 70 71 72 80 82 83 84 85 86 87 88 89 90 91 92 
82 29
2 12 19 22 28 32 37 42 46 52 55 60 62 64 71 72 73 80 81 83 84 85 86 87 88 89 91 92 93 
83 29
3 13 23 29 33 38 43 47 50 53 56 61 63 65 72 73 74 80 81 82 84 85 86 87 88 89 92 93 94 
84 29
4 14 24 34 39 40 44 48 51 54 57 62 64 66 73 74 75 80 81 82 83 85 86 87 88 89 93 94 95 
85 29
5 15 25 30 35 41 45 49 52 55 58 63 65 67 74 75 76 80 81 82 83 84 86 87 88 89 94 95 96 
86 29
6 16 20 26 31 36 42 46 53 56 59 64 66 68 75 76 77 80 81 82 83 84 85 87 88 89 95 96 97 
87 29
7 10 17 21 27 32 37 43 47 54 57 65 67 69 76 77 78 80 81 82 83 84 85 86 88 89 96 97 98 
88 29
0 8 11 18 22 28 33 38 44 48 55 58 66 68 77 78 79 80 81 82 83 84 85 86 87 89 97 98 99 
89 27
1 9 12 19 23 29 34 39 45 49 56 59 67 69 78 79 80 81 82 83 84 85 86 87 88 98 99 
90 27
0 9 10 18 20 27 30 36 40 45 50 54 60 63 70 72 80 81 91 92 93 94 95 96 97 98 99 
91 27
1 11 19 21 28 31 37 41 46 51 55 61 64 71 73 80 81 82 90 92 93 94 95 96 97 98 99 
92 27
2 12 22 29 32 38 42 47 52 56 62 65 70 72 74 81 82 83 90 91 93 94 95 96 97 98 99 
93 27
3 13 23 33 39 43 48 53 57 60 63 66 71 73 75 82 83 84 90 91 92 94 95 96 97 98 99 
94 27
4 14 24 34 44 49 50 54 58 61 64 67 72 74 76 83 84 85 90 91 92 93 95 96 97 98 99 
95 27
5 15 25 35 40 45 51 55 59 62 65 68 73 75 77 84 85 86 90 91 92 93 94 96 97 98 99 
96 27
6 16 26 30 36 41 46 52 56 63 66 69 74 76 78 85 86 87 90 91 92 93 94 95 97 98 99 
97 27
7 17 20 27 31 37 42 47 53 57 64 67 75 77 79 86 87 88 90 91 92 93 94 95 96 98 99 
98 27
8 10 18 21 28 32 38 43 48 54 58 65 68 76 78 87 88 89 90 91 92 93 94 95 96 97 99 
99 27
0 9 11 19 22 29 33 39 44 49 55 59 66 69 77 79 88 89 90 91 92 93 94 95 96 97 98 
