121

0 30
1 2 3 4 5 6 7 8 9 10 11 12 22 24 33 36 44 48 55 60 66 72 77 84 88 96 99 108 110 120 
1 30
0 2 3 4 5 6 7 8 9 10 11 12 13 23 25 34 37 45 49 56 61 67 73 78 85 89 97 100 109 111 
2 30
0 1 3 4 5 6 7 8 9 10 12 13 14 22 24 26 35 38 46 50 57 62 68 74 79 86 90 98 101 112 
3 30
0 1 2 4 5 6 7 8 9 10 13 14 15 23 25 27 33 36 39 47 51 58 63 69 75 80 87 91 102 113 
4 30
0 1 2 3 5 6 7 8 9 10 14 15 16 24 26 28 34 37 40 44 48 52 59 64 70 76 81 92 103 114 
5 30
0 1 2 3 4 6 7 8 9 10 15 16 17 25 27 29 35 38 41 45 49 53 55 60 65 71 82 93 104 115 
6 30
0 1 2 3 4 5 7 8 9 10 16 17 18 26 28 30 36 39 42 46 50 54 56 61 66 72 83 94 105 116 
7 30
0 1 2 3 4 5 6 8 9 10 17 18 19 27 29 31 37 40 43 47 51 57 62 67 73 77 84 95 106 117 
8 30
0 1 2 3 4 5 6 7 9 10 18 19 20 28 30 32 38 41 48 52 58 63 68 74 78 85 88 96 107 118 
9 30
0 1 2 3 4 5 6 7 8 10 19 20 21 29 31 39 42 49 53 59 64 69 75 79 86 89 97 99 108 119 
10 30
0 1 2 3 4 5 6 7 8 9 20 21 30 32 40 43 50 54 60 65 70 76 80 87 90 98 100 109 110 120 
11 30
0 1 12 13 14 15 16 17 18 19 20 21 22 23 33 35 44 47 55 59 66 71 77 83 88 95 99 107 110 119 
12 32
0 1 2 11 13 14 15 16 17 18 19 20 21 22 23 24 34 36 45 48 56 60 67 72 78 84 89 96 100 108 111 120 
13 32
1 2 3 11 12 14 15 16 17 18 19 20 21 23 24 25 33 35 37 46 49 57 61 68 73 79 85 90 97 101 109 112 
14 32
2 3 4 11 12 13 15 16 17 18 19 20 21 24 25 26 34 36 38 44 47 50 58 62 69 74 80 86 91 98 102 113 
15 32
3 4 5 11 12 13 14 16 17 18 19 20 21 25 26 27 35 37 39 45 48 51 55 59 63 70 75 81 87 92 103 114 
16 32
4 5 6 11 12 13 14 15 17 18 19 20 21 26 27 28 36 38 40 46 49 52 56 60 64 66 71 76 82 93 104 115 
17 32
5 6 7 11 12 13 14 15 16 18 19 20 21 27 28 29 37 39 41 47 50 53 57 61 65 67 72 77 83 94 105 116 
18 32
6 7 8 11 12 13 14 15 16 17 19 20 21 28 29 30 38 40 42 48 51 54 58 62 68 73 78 84 88 95 106 117 
19 32
7 8 9 11 12 13 14 15 16 17 18 20 21 29 30 31 39 41 43 49 52 59 63 69 74 79 85 89 96 99 107 118 
20 32
8 9 10 11 12 13 14 15 16 17 18 19 21 30 31 32 40 42 50 53 60 64 70 75 80 86 90 97 100 108 110 119 
21 30
9 10 11 12 13 14 15 16 17 18 19 20 31 32 41 43 51 54 61 65 71 76 81 87 91 98 101 109 111 120 
22 30
0 2 11 12 23 24 25 26 27 28 29 30 31 32 33 34 44 46 55 58 66 70 77 82 88 94 99 106 110 118 
23 32
1 3 11 12 13 22 24 25 26 27 28 29 30 31 32 33 34 35 45 47 56 59 67 71 78 83 89 95 100 107 111 119 
24 34
0 2 4 12 13 14 22 23 25 26 27 28 29 30 31 32 34 35 36 44 46 48 57 60 68 72 79 84 90 96 101 108 112 120 
25 34
1 3 5 13 14 15 22 23 24 26 27 28 29 30 31 32 35 36 37 45 47 49 55 58 61 69 73 80 85 91 97 102 109 113 
26 34
2 4 6 14 15 16 22 23 24 25 27 28 29 30 31 32 36 37 38 46 48 50 56 59 62 66 70 74 81 86 92 98 103 114 
27 34
3 5 7 15 16 17 22 23 24 25 26 28 29 30 31 32 37 38 39 47 49 51 57 60 63 67 71 75 77 82 87 93 104 115 
28 34
4 6 8 16 17 18 22 23 24 25 26 27 29 30 31 32 38 39 40 48 50 52 58 61 64 68 72 76 78 83 88 94 105 116 
29 34
5 7 9 17 18 19 22 23 24 25 26 27 28 30 31 32 39 40 41 49 51 53 59 62 65 69 73 79 84 89 95 99 106 117 
30 34
6 8 10 18 19 20 22 23 24 25 26 27 28 29 31 32 40 41 42 50 52 54 60 63 70 74 80 85 90 96 100 107 110 118 
31 32
7 9 19 20 21 22 23 24 25 26 27 28 29 30 32 41 42 43 51 53 61 64 71 75 81 86 91 97 101 108 111 119 
32 30
8 10 20 21 22 23 24 25 26 27 28 29 30 31 42 43 52 54 62 65 72 76 82 87 92 98 102 109 112 120 
33 30
0 3 11 13 22 23 34 35 36 37 38 39 40 41 42 43 44 45 55 57 66 69 77 81 88 93 99 105 110 117 
34 32
1 4 12 14 22 23 24 33 35 36 37 38 39 40 41 42 43 44 45 46 56 58 67 70 78 82 89 94 100 106 111 118 
35 34
2 5 11 13 15 23 24 25 33 34 36 37 38 39 40 41 42 43 45 46 47 55 57 59 68 71 79 83 90 95 101 107 112 119 
36 36
0 3 6 12 14 16 24 25 26 33 34 35 37 38 39 40 41 42 43 46 47 48 56 58 60 66 69 72 80 84 91 96 102 108 113 120 
37 36
1 4 7 13 15 17 25 26 27 33 34 35 36 38 39 40 41 42 43 47 48 49 57 59 61 67 70 73 77 81 85 92 97 103 109 114 
38 36
2 5 8 14 16 18 26 27 28 33 34 35 36 37 39 40 41 42 43 48 49 50 58 60 62 68 71 74 78 82 86 88 93 98 104 115 
39 36
3 6 9 15 17 19 27 28 29 33 34 35 36 37 38 40 41 42 43 49 50 51 59 61 63 69 72 75 79 83 87 89 94 99 105 116 
40 36
4 7 10 16 18 20 28 29 30 33 34 35 36 37 38 39 41 42 43 50 51 52 60 62 64 70 73 76 80 84 90 95 100 106 110 117 
41 34
5 8 17 19 21 29 30 31 33 34 35 36 37 38 39 40 42 43 51 52 53 61 63 65 71 74 81 85 91 96 101 107 111 118 
42 32
6 9 18 20 30 31 32 33 34 35 36 37 38 39 40 41 43 52 53 54 62 64 72 75 82 86 92 97 102 108 112 119 
43 30
7 10 19 21 31 32 33 34 35 36 37 38 39 40 41 42 53 54 63 65 73 76 83 87 93 98 103 109 113 120 
44 30
0 4 11 14 22 24 33 34 45 46 47 48 49 50 51 52 53 54 55 56 66 68 77 80 88 92 99 104 110 116 
45 32
1 5 12 15 23 25 33 34 35 44 46 47 48 49 50 51 52 53 54 55 56 57 67 69 78 81 89 93 100 105 111 117 
46 34
2 6 13 16 22 24 26 34 35 36 44 45 47 48 49 50 51 52 53 54 56 57 58 66 68 70 79 82 90 94 101 106 112 118 
47 36
3 7 11 14 17 23 25 27 35 36 37 44 45 46 48 49 50 51 52 53 54 57 58 59 67 69 71 77 80 83 91 95 102 107 113 119 
48 38
0 4 8 12 15 18 24 26 28 36 37 38 44 45 46 47 49 50 51 52 53 54 58 59 60 68 70 72 78 81 84 88 92 96 103 108 114 120 
49 38
1 5 9 13 16 19 25 27 29 37 38 39 44 45 46 47 48 50 51 52 53 54 59 60 61 69 71 73 79 82 85 89 93 97 99 104 109 115 
50 38
2 6 10 14 17 20 26 28 30 38 39 40 44 45 46 47 48 49 51 52 53 54 60 61 62 70 72 74 80 83 86 90 94 98 100 105 110 116 
51 36
3 7 15 18 21 27 29 31 39 40 41 44 45 46 47 48 49 50 52 53 54 61 62 63 71 73 75 81 84 87 91 95 101 106 111 117 
52 34
4 8 16 19 28 30 32 40 41 42 44 45 46 47 48 49 50 51 53 54 62 63 64 72 74 76 82 85 92 96 102 107 112 118 
53 32
5 9 17 20 29 31 41 42 43 44 45 46 47 48 49 50 51 52 54 63 64 65 73 75 83 86 93 97 103 108 113 119 
54 30
6 10 18 21 30 32 42 43 44 45 46 47 48 49 50 51 52 53 64 65 74 76 84 87 94 98 104 109 114 120 
55 30
0 5 11 15 22 25 33 35 44 45 56 57 58 59 60 61 62 63 64 65 66 67 77 79 88 91 99 103 110 115 
56 32
1 6 12 16 23 26 34 36 44 45 46 55 57 58 59 60 61 62 63 64 65 66 67 68 78 80 89 92 100 104 111 116 
57 34
2 7 13 17 24 27 33 35 37 45 46 47 55 56 58 59 60 61 62 63 64 65 67 68 69 77 79 81 90 93 101 105 112 117 
58 36
3 8 14 18 22 25 28 34 36 38 46 47 48 55 56 57 59 60 61 62 63 64 65 68 69 70 78 80 82 88 91 94 102 106 113 118 
59 38
4 9 11 15 19 23 26 29 35 37 39 47 48 49 55 56 57 58 60 61 62 63 64 65 69 70 71 79 81 83 89 92 95 99 103 107 114 119 
60 40
0 5 10 12 16 20 24 27 30 36 38 40 48 49 50 55 56 57 58 59 61 62 63 64 65 70 71 72 80 82 84 90 93 96 100 104 108 110 115 120 
61 38
1 6 13 17 21 25 28 31 37 39 41 49 50 51 55 56 57 58 59 60 62 63 64 65 71 72 73 81 83 85 91 94 97 101 105 109 111 116 
62 36
2 7 14 18 26 29 32 38 40 42 50 51 52 55 56 57 58 59 60 61 63 64 65 72 73 74 82 84 86 92 95 98 102 106 112 117 
63 34
3 8 15 19 27 30 39 41 43 51 52 53 55 56 57 58 59 60 61 62 64 65 73 74 75 83 85 87 93 96 103 107 113 118 
64 32
4 9 16 20 28 31 40 42 52 53 54 55 56 57 58 59 60 61 62 63 65 74 75 76 84 86 94 97 104 108 114 119 
65 30
5 10 17 21 29 32 41 43 53 54 55 56 57 58 59 60 61 62 63 64 75 76 85 87 95 98 105 109 115 120 
66 30
0 6 11 16 22 26 33 36 44 46 55 56 67 68 69 70 71 72 73 74 75 76 77 78 88 90 99 102 110 114 
67 32
1 7 12 17 23 27 34 37 45 47 55 56 57 66 68 69 70 71 72 73 74 75 76 77 78 79 89 91 100 103 111 115 
68 34
2 8 13 18 24 28 35 38 44 46 48 56 57 58 66 67 69 70 71 72 73 74 75 76 78 79 80 88 90 92 101 104 112 116 
69 36
3 9 14 19 25 29 33 36 39 45 47 49 57 58 59 66 67 68 70 71 72 73 74 75 76 79 80 81 89 91 93 99 102 105 113 117 
70 38
4 10 15 20 22 26 30 34 37 40 46 48 50 58 59 60 66 67 68 69 71 72 73 74 75 76 80 81 82 90 92 94 100 103 106 110 114 118 
71 38
5 11 16 21 23 27 31 35 38 41 47 49 51 59 60 61 66 67 68 69 70 72 73 74 75 76 81 82 83 91 93 95 101 104 107 111 115 119 
72 38
0 6 12 17 24 28 32 36 39 42 48 50 52 60 61 62 66 67 68 69 70 71 73 74 75 76 82 83 84 92 94 96 102 105 108 112 116 120 
73 36
1 7 13 18 25 29 37 40 43 49 51 53 61 62 63 66 67 68 69 70 71 72 74 75 76 83 84 85 93 95 97 103 106 109 113 117 
74 34
2 8 14 19 26 30 38 41 50 52 54 62 63 64 66 67 68 69 70 71 72 73 75 76 84 85 86 94 96 98 104 107 114 118 
75 32
3 9 15 20 27 31 39 42 51 53 63 64 65 66 67 68 69 70 71 72 73 74 76 85 86 87 95 97 105 108 115 119 
76 30
4 10 16 21 28 32 40 43 52 54 64 65 66 67 68 69 70 71 72 73 74 75 86 87 96 98 106 109 116 120 
77 30
0 7 11 17 22 27 33 37 44 47 55 57 66 67 78 79 80 81 82 83 84 85 86 87 88 89 99 101 110 113 
78 32
1 8 12 18 23 28 34 38 45 48 56 58 66 67 68 77 79 80 81 82 83 84 85 86 87 88 89 90 100 102 111 114 
79 34
2 9 13 19 24 29 35 39 46 49 55 57 59 67 68 69 77 78 80 81 82 83 84 85 86 87 89 90 91 99 101 103 112 115 
80 36
3 10 14 20 25 30 36 40 44 47 50 56 58 60 68 69 70 77 78 79 81 82 83 84 85 86 87 90 91 92 100 102 104 110 113 116 
81 36
4 15 21 26 31 33 37 41 45 48 51 57 59 61 69 70 71 77 78 79 80 82 83 84 85 86 87 91 92 93 101 103 105 111 114 117 
82 36
5 16 22 27 32 34 38 42 46 49 52 58 60 62 70 71 72 77 78 79 80 81 83 84 85 86 87 92 93 94 102 104 106 112 115 118 
83 36
6 11 17 23 28 35 39 43 47 50 53 59 61 63 71 72 73 77 78 79 80 81 82 84 85 86 87 93 94 95 103 105 107 113 116 119 
84 36
0 7 12 18 24 29 36 40 48 51 54 60 62 64 72 73 74 77 78 79 80 81 82 83 85 86 87 94 95 96 104 106 108 114 117 120 
85 34
1 8 13 19 25 30 37 41 49 52 61 63 65 73 74 75 77 78 79 80 81 82 83 84 86 87 95 96 97 105 107 109 115 118 
86 32
2 9 14 20 26 31 38 42 50 53 62 64 74 75 76 77 78 79 80 81 82 83 84 85 87 96 97 98 106 108 116 119 
87 30
3 10 15 21 27 32 39 43 51 54 63 65 75 76 77 78 79 80 81 82 83 84 85 86 97 98 107 109 117 120 
88 30
0 8 11 18 22 28 33 38 44 48 55 58 66 68 77 78 89 90 91 92 93 94 95 96 97 98 99 100 110 112 
89 32
1 9 12 19 23 29 34 39 45 49 56 59 67 69 77 78 79 88 90 91 92 93 94 95 96 97 98 99 100 101 111 113 
90 34
2 10 13 20 24 30 35 40 46 50 57 60 66 68 70 78 79 80 88 89 91 92 93 94 95 96 97 98 100 101 102 110 112 114 
91 34
3 14 21 25 31 36 41 47 51 55 58 61 67 69 71 79 80 81 88 89 90 92 93 94 95 96 97 98 101 102 103 111 113 115 
92 34
4 15 26 32 37 42 44 48 52 56 59 62 68 70 72 80 81 82 88 89 90 91 93 94 95 96 97 98 102 103 104 112 114 116 
93 34
5 16 27 33 38 43 45 49 53 57 60 63 69 71 73 81 82 83 88 89 90 91 92 94 95 96 97 98 103 104 105 113 115 117 
94 34
6 17 22 28 34 39 46 50 54 58 61 64 70 72 74 82 83 84 88 89 90 91 92 93 95 96 97 98 104 105 106 114 116 118 
95 34
7 11 18 23 29 35 40 47 51 59 62 65 71 73 75 83 84 85 88 89 90 91 92 93 94 96 97 98 105 106 107 115 117 119 
96 34
0 8 12 19 24 30 36 41 48 52 60 63 72 74 76 84 85 86 88 89 90 91 92 93 94 95 97 98 106 107 108 116 118 120 
97 32
1 9 13 20 25 31 37 42 49 53 61 64 73 75 85 86 87 88 89 90 91 92 93 94 95 96 98 107 108 109 117 119 
98 30
2 10 14 21 26 32 38 43 50 54 62 65 74 76 86 87 88 89 90 91 92 93 94 95 96 97 108 109 118 120 
99 30
0 9 11 19 22 29 33 39 44 49 55 59 66 69 77 79 88 89 100 101 102 103 104 105 106 107 108 109 110 111 
100 32
1 10 12 20 23 30 34 40 45 50 56 60 67 70 78 80 88 89 90 99 101 102 103 104 105 106 107 108 109 110 111 112 
101 32
2 13 21 24 31 35 41 46 51 57 61 68 71 77 79 81 89 90 91 99 100 102 103 104 105 106 107 108 109 111 112 113 
102 32
3 14 25 32 36 42 47 52 58 62 66 69 72 78 80 82 90 91 92 99 100 101 103 104 105 106 107 108 109 112 113 114 
103 32
4 15 26 37 43 48 53 55 59 63 67 70 73 79 81 83 91 92 93 99 100 101 102 104 105 106 107 108 109 113 114 115 
104 32
5 16 27 38 44 49 54 56 60 64 68 71 74 80 82 84 92 93 94 99 100 101 102 103 105 106 107 108 109 114 115 116 
105 32
6 17 28 33 39 45 50 57 61 65 69 72 75 81 83 85 93 94 95 99 100 101 102 103 104 106 107 108 109 115 116 117 
106 32
7 18 22 29 34 40 46 51 58 62 70 73 76 82 84 86 94 95 96 99 100 101 102 103 104 105 107 108 109 116 117 118 
107 32
8 11 19 23 30 35 41 47 52 59 63 71 74 83 85 87 95 96 97 99 100 101 102 103 104 105 106 108 109 117 118 119 
108 32
0 9 12 20 24 31 36 42 48 53 60 64 72 75 84 86 96 97 98 99 100 101 102 103 104 105 106 107 109 118 119 120 
109 30
1 10 13 21 25 32 37 43 49 54 61 65 73 76 85 87 97 98 99 100 101 102 103 104 105 106 107 108 119 120 
110 30
0 10 11 20 22 30 33 40 44 50 55 60 66 70 77 80 88 90 99 100 111 112 113 114 115 116 117 118 119 120 
111 30
1 12 21 23 31 34 41 45 51 56 61 67 71 78 81 89 91 99 100 101 110 112 113 114 115 116 117 118 119 120 
112 30
2 13 24 32 35 42 46 52 57 62 68 72 79 82 88 90 92 100 101 102 110 111 113 114 115 116 117 118 119 120 
113 30
3 14 25 36 43 47 53 58 63 69 73 77 80 83 89 91 93 101 102 103 110 111 112 114 115 116 117 118 119 120 
114 30
4 15 26 37 48 54 59 64 66 70 74 78 81 84 90 92 94 102 103 104 110 111 112 113 115 116 117 118 119 120 
115 30
5 16 27 38 49 55 60 65 67 71 75 79 82 85 91 93 95 103 104 105 110 111 112 113 114 116 117 118 119 120 
116 30
6 17 28 39 44 50 56 61 68 72 76 80 83 86 92 94 96 104 105 106 110 111 112 113 114 115 117 118 119 120 
117 30
7 18 29 33 40 45 51 57 62 69 73 81 84 87 93 95 97 105 106 107 110 111 112 113 114 115 116 118 119 120 
118 30
8 19 22 30 34 41 46 52 58 63 70 74 82 85 94 96 98 106 107 108 110 111 112 113 114 115 116 117 119 120 
119 30
9 11 20 23 31 35 42 47 53 59 64 71 75 83 86 95 97 107 108 109 110 111 112 113 114 115 116 117 118 120 
120 30
0 10 12 21 24 32 36 43 48 54 60 65 72 76 84 87 96 98 108 109 110 111 112 113 114 115 116 117 118 119 
