144

0 33
1 2 3 4 5 6 7 8 9 10 11 12 13 24 26 36 39 48 52 60 65 72 78 84 91 96 104 108 117 120 130 132 143 
1 33
0 2 3 4 5 6 7 8 9 10 11 12 13 14 25 27 37 40 49 53 61 66 73 79 85 92 97 105 109 118 121 131 133 
2 33
0 1 3 4 5 6 7 8 9 10 11 13 14 15 24 26 28 38 41 50 54 62 67 74 80 86 93 98 106 110 119 122 134 
3 33
0 1 2 4 5 6 7 8 9 10 11 14 15 16 25 27 29 36 39 42 51 55 63 68 75 81 87 94 99 107 111 123 135 
4 33
0 1 2 3 5 6 7 8 9 10 11 15 16 17 26 28 30 37 40 43 48 52 56 64 69 76 82 88 95 100 112 124 136 
5 33
0 1 2 3 4 6 7 8 9 10 11 16 17 18 27 29 31 38 41 44 49 53 57 60 65 70 77 83 89 101 113 125 137 
6 33
0 1 2 3 4 5 7 8 9 10 11 17 18 19 28 30 32 39 42 45 50 54 58 61 66 71 72 78 90 102 114 126 138 
7 33
0 1 2 3 4 5 6 8 9 10 11 18 19 20 29 31 33 40 43 46 51 55 59 62 67 73 79 84 91 103 115 127 139 
8 33
0 1 2 3 4 5 6 7 9 10 11 19 20 21 30 32 34 41 44 47 52 56 63 68 74 80 85 92 96 104 116 128 140 
9 33
0 1 2 3 4 5 6 7 8 10 11 20 21 22 31 33 35 42 45 53 57 64 69 75 81 86 93 97 105 108 117 129 141 
10 33
0 1 2 3 4 5 6 7 8 9 11 21 22 23 32 34 43 46 54 58 65 70 76 82 87 94 98 106 109 118 120 130 142 
11 33
0 1 2 3 4 5 6 7 8 9 10 22 23 33 35 44 47 55 59 66 71 77 83 88 95 99 107 110 119 121 131 132 143 
12 33
0 1 13 14 15 16 17 18 19 20 21 22 23 24 25 36 38 48 51 60 64 72 77 84 90 96 103 108 116 120 129 132 142 
13 35
0 1 2 12 14 15 16 17 18 19 20 21 22 23 24 25 26 37 39 49 52 61 65 73 78 85 91 97 104 109 117 121 130 133 143 
14 35
1 2 3 12 13 15 16 17 18 19 20 21 22 23 25 26 27 36 38 40 50 53 62 66 74 79 86 92 98 105 110 118 122 131 134 
15 35
2 3 4 12 13 14 16 17 18 19 20 21 22 23 26 27 28 37 39 41 48 51 54 63 67 75 80 87 93 99 106 111 119 123 135 
16 35
3 4 5 12 13 14 15 17 18 19 20 21 22 23 27 28 29 38 40 42 49 52 55 60 64 68 76 81 88 94 100 107 112 124 136 
17 35
4 5 6 12 13 14 15 16 18 19 20 21 22 23 28 29 30 39 41 43 50 53 56 61 65 69 72 77 82 89 95 101 113 125 137 
18 35
5 6 7 12 13 14 15 16 17 19 20 21 22 23 29 30 31 40 42 44 51 54 57 62 66 70 73 78 83 84 90 102 114 126 138 
19 35
6 7 8 12 13 14 15 16 17 18 20 21 22 23 30 31 32 41 43 45 52 55 58 63 67 71 74 79 85 91 96 103 115 127 139 
20 35
7 8 9 12 13 14 15 16 17 18 19 21 22 23 31 32 33 42 44 46 53 56 59 64 68 75 80 86 92 97 104 108 116 128 140 
21 35
8 9 10 12 13 14 15 16 17 18 19 20 22 23 32 33 34 43 45 47 54 57 65 69 76 81 87 93 98 105 109 117 120 129 141 
22 35
9 10 11 12 13 14 15 16 17 18 19 20 21 23 33 34 35 44 46 55 58 66 70 77 82 88 94 99 106 110 118 121 130 132 142 
23 33
10 11 12 13 14 15 16 17 18 19 20 21 22 34 35 45 47 56 59 67 71 78 83 89 95 100 107 111 119 122 131 133 143 
24 33
0 2 12 13 25 26 27 28 29 30 31 32 33 34 35 36 37 48 50 60 63 72 76 84 89 96 102 108 115 120 128 132 141 
25 35
1 3 12 13 14 24 26 27 28 29 30 31 32 33 34 35 36 37 38 49 51 61 64 73 77 85 90 97 103 109 116 121 129 133 142 
26 37
0 2 4 13 14 15 24 25 27 28 29 30 31 32 33 34 35 37 38 39 48 50 52 62 65 74 78 86 91 98 104 110 117 122 130 134 143 
27 37
1 3 5 14 15 16 24 25 26 28 29 30 31 32 33 34 35 38 39 40 49 51 53 60 63 66 75 79 87 92 99 105 111 118 123 131 135 
28 37
2 4 6 15 16 17 24 25 26 27 29 30 31 32 33 34 35 39 40 41 50 52 54 61 64 67 72 76 80 88 93 100 106 112 119 124 136 
29 37
3 5 7 16 17 18 24 25 26 27 28 30 31 32 33 34 35 40 41 42 51 53 55 62 65 68 73 77 81 84 89 94 101 107 113 125 137 
30 37
4 6 8 17 18 19 24 25 26 27 28 29 31 32 33 34 35 41 42 43 52 54 56 63 66 69 74 78 82 85 90 95 96 102 114 126 138 
31 37
5 7 9 18 19 20 24 25 26 27 28 29 30 32 33 34 35 42 43 44 53 55 57 64 67 70 75 79 83 86 91 97 103 108 115 127 139 
32 37
6 8 10 19 20 21 24 25 26 27 28 29 30 31 33 34 35 43 44 45 54 56 58 65 68 71 76 80 87 92 98 104 109 116 120 128 140 
33 37
7 9 11 20 21 22 24 25 26 27 28 29 30 31 32 34 35 44 45 46 55 57 59 66 69 77 81 88 93 99 105 110 117 121 129 132 141 
34 35
8 10 21 22 23 24 25 26 27 28 29 30 31 32 33 35 45 46 47 56 58 67 70 78 82 89 94 100 106 111 118 122 130 133 142 
35 33
9 11 22 23 24 25 26 27 28 29 30 31 32 33 34 46 47 57 59 68 71 79 83 90 95 101 107 112 119 123 131 134 143 
36 33
0 3 12 14 24 25 37 38 39 40 41 42 43 44 45 46 47 48 49 60 62 72 75 84 88 96 101 108 114 120 127 132 140 
37 35
1 4 13 15 24 25 26 36 38 39 40 41 42 43 44 45 46 47 48 49 50 61 63 73 76 85 89 97 102 109 115 121 128 133 141 
38 37
2 5 12 14 16 25 26 27 36 37 39 40 41 42 43 44 45 46 47 49 50 51 60 62 64 74 77 86 90 98 103 110 116 122 129 134 142 
39 39
0 3 6 13 15 17 26 27 28 36 37 38 40 41 42 43 44 45 46 47 50 51 52 61 63 65 72 75 78 87 91 99 104 111 117 123 130 135 143 
40 39
1 4 7 14 16 18 27 28 29 36 37 38 39 41 42 43 44 45 46 47 51 52 53 62 64 66 73 76 79 84 88 92 100 105 112 118 124 131 136 
41 39
2 5 8 15 17 19 28 29 30 36 37 38 39 40 42 43 44 45 46 47 52 53 54 63 65 67 74 77 80 85 89 93 96 101 106 113 119 125 137 
42 39
3 6 9 16 18 20 29 30 31 36 37 38 39 40 41 43 44 45 46 47 53 54 55 64 66 68 75 78 81 86 90 94 97 102 107 108 114 126 138 
43 39
4 7 10 17 19 21 30 31 32 36 37 38 39 40 41 42 44 45 46 47 54 55 56 65 67 69 76 79 82 87 91 95 98 103 109 115 120 127 139 
44 39
5 8 11 18 20 22 31 32 33 36 37 38 39 40 41 42 43 45 46 47 55 56 57 66 68 70 77 80 83 88 92 99 104 110 116 121 128 132 140 
45 37
6 9 19 21 23 32 33 34 36 37 38 39 40 41 42 43 44 46 47 56 57 58 67 69 71 78 81 89 93 100 105 111 117 122 129 133 141 
46 35
7 10 20 22 33 34 35 36 37 38 39 40 41 42 43 44 45 47 57 58 59 68 70 79 82 90 94 101 106 112 118 123 130 134 142 
47 33
8 11 21 23 34 35 36 37 38 39 40 41 42 43 44 45 46 58 59 69 71 80 83 91 95 102 107 113 119 124 131 135 143 
48 33
0 4 12 15 24 26 36 37 49 50 51 52 53 54 55 56 57 58 59 60 61 72 74 84 87 96 100 108 113 120 126 132 139 
49 35
1 5 13 16 25 27 36 37 38 48 50 51 52 53 54 55 56 57 58 59 60 61 62 73 75 85 88 97 101 109 114 121 127 133 140 
50 37
2 6 14 17 24 26 28 37 38 39 48 49 51 52 53 54 55 56 57 58 59 61 62 63 72 74 76 86 89 98 102 110 115 122 128 134 141 
51 39
3 7 12 15 18 25 27 29 38 39 40 48 49 50 52 53 54 55 56 57 58 59 62 63 64 73 75 77 84 87 90 99 103 111 116 123 129 135 142 
52 41
0 4 8 13 16 19 26 28 30 39 40 41 48 49 50 51 53 54 55 56 57 58 59 63 64 65 74 76 78 85 88 91 96 100 104 112 117 124 130 136 143 
53 41
1 5 9 14 17 20 27 29 31 40 41 42 48 49 50 51 52 54 55 56 57 58 59 64 65 66 75 77 79 86 89 92 97 101 105 108 113 118 125 131 137 
54 41
2 6 10 15 18 21 28 30 32 41 42 43 48 49 50 51 52 53 55 56 57 58 59 65 66 67 76 78 80 87 90 93 98 102 106 109 114 119 120 126 138 
55 41
3 7 11 16 19 22 29 31 33 42 43 44 48 49 50 51 52 53 54 56 57 58 59 66 67 68 77 79 81 88 91 94 99 103 107 110 115 121 127 132 139 
56 39
4 8 17 20 23 30 32 34 43 44 45 48 49 50 51 52 53 54 55 57 58 59 67 68 69 78 80 82 89 92 95 100 104 111 116 122 128 133 140 
57 37
5 9 18 21 31 33 35 44 45 46 48 49 50 51 52 53 54 55 56 58 59 68 69 70 79 81 83 90 93 101 105 112 117 123 129 134 141 
58 35
6 10 19 22 32 34 45 46 47 48 49 50 51 52 53 54 55 56 57 59 69 70 71 80 82 91 94 102 106 113 118 124 130 135 142 
59 33
7 11 20 23 33 35 46 47 48 49 50 51 52 53 54 55 56 57 58 70 71 81 83 92 95 103 107 114 119 125 131 136 143 
60 33
0 5 12 16 24 27 36 38 48 49 61 62 63 64 65 66 67 68 69 70 71 72 73 84 86 96 99 108 112 120 125 132 138 
61 35
1 6 13 17 25 28 37 39 48 49 50 60 62 63 64 65 66 67 68 69 70 71 72 73 74 85 87 97 100 109 113 121 126 133 139 
62 37
2 7 14 18 26 29 36 38 40 49 50 51 60 61 63 64 65 66 67 68 69 70 71 73 74 75 84 86 88 98 101 110 114 122 127 134 140 
63 39
3 8 15 19 24 27 30 37 39 41 50 51 52 60 61 62 64 65 66 67 68 69 70 71 74 75 76 85 87 89 96 99 102 111 115 123 128 135 141 
64 41
4 9 12 16 20 25 28 31 38 40 42 51 52 53 60 61 62 63 65 66 67 68 69 70 71 75 76 77 86 88 90 97 100 103 108 112 116 124 129 136 142 
65 43
0 5 10 13 17 21 26 29 32 39 41 43 52 53 54 60 61 62 63 64 66 67 68 69 70 71 76 77 78 87 89 91 98 101 104 109 113 117 120 125 130 137 143 
66 43
1 6 11 14 18 22 27 30 33 40 42 44 53 54 55 60 61 62 63 64 65 67 68 69 70 71 77 78 79 88 90 92 99 102 105 110 114 118 121 126 131 132 138 
67 41
2 7 15 19 23 28 31 34 41 43 45 54 55 56 60 61 62 63 64 65 66 68 69 70 71 78 79 80 89 91 93 100 103 106 111 115 119 122 127 133 139 
68 39
3 8 16 20 29 32 35 42 44 46 55 56 57 60 61 62 63 64 65 66 67 69 70 71 79 80 81 90 92 94 101 104 107 112 116 123 128 134 140 
69 37
4 9 17 21 30 33 43 45 47 56 57 58 60 61 62 63 64 65 66 67 68 70 71 80 81 82 91 93 95 102 105 113 117 124 129 135 141 
70 35
5 10 18 22 31 34 44 46 57 58 59 60 61 62 63 64 65 66 67 68 69 71 81 82 83 92 94 103 106 114 118 125 130 136 142 
71 33
6 11 19 23 32 35 45 47 58 59 60 61 62 63 64 65 66 67 68 69 70 82 83 93 95 104 107 115 119 126 131 137 143 
72 33
0 6 12 17 24 28 36 39 48 50 60 61 73 74 75 76 77 78 79 80 81 82 83 84 85 96 98 108 111 120 124 132 137 
73 35
1 7 13 18 25 29 37 40 49 51 60 61 62 72 74 75 76 77 78 79 80 81 82 83 84 85 86 97 99 109 112 121 125 133 138 
74 37
2 8 14 19 26 30 38 41 48 50 52 61 62 63 72 73 75 76 77 78 79 80 81 82 83 85 86 87 96 98 100 110 113 122 126 134 139 
75 39
3 9 15 20 27 31 36 39 42 49 51 53 62 63 64 72 73 74 76 77 78 79 80 81 82 83 86 87 88 97 99 101 108 111 114 123 127 135 140 
76 41
4 10 16 21 24 28 32 37 40 43 50 52 54 63 64 65 72 73 74 75 77 78 79 80 81 82 83 87 88 89 98 100 102 109 112 115 120 124 128 136 141 
77 43
5 11 12 17 22 25 29 33 38 41 44 51 53 55 64 65 66 72 73 74 75 76 78 79 80 81 82 83 88 89 90 99 101 103 110 113 116 121 125 129 132 137 142 
78 43
0 6 13 18 23 26 30 34 39 42 45 52 54 56 65 66 67 72 73 74 75 76 77 79 80 81 82 83 89 90 91 100 102 104 111 114 117 122 126 130 133 138 143 
79 41
1 7 14 19 27 31 35 40 43 46 53 55 57 66 67 68 72 73 74 75 76 77 78 80 81 82 83 90 91 92 101 103 105 112 115 118 123 127 131 134 139 
80 39
2 8 15 20 28 32 41 44 47 54 56 58 67 68 69 72 73 74 75 76 77 78 79 81 82 83 91 92 93 102 104 106 113 116 119 124 128 135 140 
81 37
3 9 16 21 29 33 42 45 55 57 59 68 69 70 72 73 74 75 76 77 78 79 80 82 83 92 93 94 103 105 107 114 117 125 129 136 141 
82 35
4 10 17 22 30 34 43 46 56 58 69 70 71 72 73 74 75 76 77 78 79 80 81 83 93 94 95 104 106 115 118 126 130 137 142 
83 33
5 11 18 23 31 35 44 47 57 59 70 71 72 73 74 75 76 77 78 79 80 81 82 94 95 105 107 116 119 127 131 138 143 
84 33
0 7 12 18 24 29 36 40 48 51 60 62 72 73 85 86 87 88 89 90 91 92 93 94 95 96 97 108 110 120 123 132 136 
85 35
1 8 13 19 25 30 37 41 49 52 61 63 72 73 74 84 86 87 88 89 90 91 92 93 94 95 96 97 98 109 111 121 124 133 137 
86 37
2 9 14 20 26 31 38 42 50 53 60 62 64 73 74 75 84 85 87 88 89 90 91 92 93 94 95 97 98 99 108 110 112 122 125 134 138 
87 39
3 10 15 21 27 32 39 43 48 51 54 61 63 65 74 75 76 84 85 86 88 89 90 91 92 93 94 95 98 99 100 109 111 113 120 123 126 135 139 
88 41
4 11 16 22 28 33 36 40 44 49 52 55 62 64 66 75 76 77 84 85 86 87 89 90 91 92 93 94 95 99 100 101 110 112 114 121 124 127 132 136 140 
89 41
5 17 23 24 29 34 37 41 45 50 53 56 63 65 67 76 77 78 84 85 86 87 88 90 91 92 93 94 95 100 101 102 111 113 115 122 125 128 133 137 141 
90 41
6 12 18 25 30 35 38 42 46 51 54 57 64 66 68 77 78 79 84 85 86 87 88 89 91 92 93 94 95 101 102 103 112 114 116 123 126 129 134 138 142 
91 41
0 7 13 19 26 31 39 43 47 52 55 58 65 67 69 78 79 80 84 85 86 87 88 89 90 92 93 94 95 102 103 104 113 115 117 124 127 130 135 139 143 
92 39
1 8 14 20 27 32 40 44 53 56 59 66 68 70 79 80 81 84 85 86 87 88 89 90 91 93 94 95 103 104 105 114 116 118 125 128 131 136 140 
93 37
2 9 15 21 28 33 41 45 54 57 67 69 71 80 81 82 84 85 86 87 88 89 90 91 92 94 95 104 105 106 115 117 119 126 129 137 141 
94 35
3 10 16 22 29 34 42 46 55 58 68 70 81 82 83 84 85 86 87 88 89 90 91 92 93 95 105 106 107 116 118 127 130 138 142 
95 33
4 11 17 23 30 35 43 47 56 59 69 71 82 83 84 85 86 87 88 89 90 91 92 93 94 106 107 117 119 128 131 139 143 
96 33
0 8 12 19 24 30 36 41 48 52 60 63 72 74 84 85 97 98 99 100 101 102 103 104 105 106 107 108 109 120 122 132 135 
97 35
1 9 13 20 25 31 37 42 49 53 61 64 73 75 84 85 86 96 98 99 100 101 102 103 104 105 106 107 108 109 110 121 123 133 136 
98 37
2 10 14 21 26 32 38 43 50 54 62 65 72 74 76 85 86 87 96 97 99 100 101 102 103 104 105 106 107 109 110 111 120 122 124 134 137 
99 39
3 11 15 22 27 33 39 44 51 55 60 63 66 73 75 77 86 87 88 96 97 98 100 101 102 103 104 105 106 107 110 111 112 121 123 125 132 135 138 
100 39
4 16 23 28 34 40 45 48 52 56 61 64 67 74 76 78 87 88 89 96 97 98 99 101 102 103 104 105 106 107 111 112 113 122 124 126 133 136 139 
101 39
5 17 29 35 36 41 46 49 53 57 62 65 68 75 77 79 88 89 90 96 97 98 99 100 102 103 104 105 106 107 112 113 114 123 125 127 134 137 140 
102 39
6 18 24 30 37 42 47 50 54 58 63 66 69 76 78 80 89 90 91 96 97 98 99 100 101 103 104 105 106 107 113 114 115 124 126 128 135 138 141 
103 39
7 12 19 25 31 38 43 51 55 59 64 67 70 77 79 81 90 91 92 96 97 98 99 100 101 102 104 105 106 107 114 115 116 125 127 129 136 139 142 
104 39
0 8 13 20 26 32 39 44 52 56 65 68 71 78 80 82 91 92 93 96 97 98 99 100 101 102 103 105 106 107 115 116 117 126 128 130 137 140 143 
105 37
1 9 14 21 27 33 40 45 53 57 66 69 79 81 83 92 93 94 96 97 98 99 100 101 102 103 104 106 107 116 117 118 127 129 131 138 141 
106 35
2 10 15 22 28 34 41 46 54 58 67 70 80 82 93 94 95 96 97 98 99 100 101 102 103 104 105 107 117 118 119 128 130 139 142 
107 33
3 11 16 23 29 35 42 47 55 59 68 71 81 83 94 95 96 97 98 99 100 101 102 103 104 105 106 118 119 129 131 140 143 
108 33
0 9 12 20 24 31 36 42 48 53 60 64 72 75 84 86 96 97 109 110 111 112 113 114 115 116 117 118 119 120 121 132 134 
109 35
1 10 13 21 25 32 37 43 49 54 61 65 73 76 85 87 96 97 98 108 110 111 112 113 114 115 116 117 118 119 120 121 122 133 135 
110 37
2 11 14 22 26 33 38 44 50 55 62 66 74 77 84 86 88 97 98 99 108 109 111 112 113 114 115 116 117 118 119 121 122 123 132 134 136 
111 37
3 15 23 27 34 39 45 51 56 63 67 72 75 78 85 87 89 98 99 100 108 109 110 112 113 114 115 116 117 118 119 122 123 124 133 135 137 
112 37
4 16 28 35 40 46 52 57 60 64 68 73 76 79 86 88 90 99 100 101 108 109 110 111 113 114 115 116 117 118 119 123 124 125 134 136 138 
113 37
5 17 29 41 47 48 53 58 61 65 69 74 77 80 87 89 91 100 101 102 108 109 110 111 112 114 115 116 117 118 119 124 125 126 135 137 139 
114 37
6 18 30 36 42 49 54 59 62 66 70 75 78 81 88 90 92 101 102 103 108 109 110 111 112 113 115 116 117 118 119 125 126 127 136 138 140 
115 37
7 19 24 31 37 43 50 55 63 67 71 76 79 82 89 91 93 102 103 104 108 109 110 111 112 113 114 116 117 118 119 126 127 128 137 139 141 
116 37
8 12 20 25 32 38 44 51 56 64 68 77 80 83 90 92 94 103 104 105 108 109 110 111 112 113 114 115 117 118 119 127 128 129 138 140 142 
117 37
0 9 13 21 26 33 39 45 52 57 65 69 78 81 91 93 95 104 105 106 108 109 110 111 112 113 114 115 116 118 119 128 129 130 139 141 143 
118 35
1 10 14 22 27 34 40 46 53 58 66 70 79 82 92 94 105 106 107 108 109 110 111 112 113 114 115 116 117 119 129 130 131 140 142 
119 33
2 11 15 23 28 35 41 47 54 59 67 71 80 83 93 95 106 107 108 109 110 111 112 113 114 115 116 117 118 130 131 141 143 
120 33
0 10 12 21 24 32 36 43 48 54 60 65 72 76 84 87 96 98 108 109 121 122 123 124 125 126 127 128 129 130 131 132 133 
121 35
1 11 13 22 25 33 37 44 49 55 61 66 73 77 85 88 97 99 108 109 110 120 122 123 124 125 126 127 128 129 130 131 132 133 134 
122 35
2 14 23 26 34 38 45 50 56 62 67 74 78 86 89 96 98 100 109 110 111 120 121 123 124 125 126 127 128 129 130 131 133 134 135 
123 35
3 15 27 35 39 46 51 57 63 68 75 79 84 87 90 97 99 101 110 111 112 120 121 122 124 125 126 127 128 129 130 131 134 135 136 
124 35
4 16 28 40 47 52 58 64 69 72 76 80 85 88 91 98 100 102 111 112 113 120 121 122 123 125 126 127 128 129 130 131 135 136 137 
125 35
5 17 29 41 53 59 60 65 70 73 77 81 86 89 92 99 101 103 112 113 114 120 121 122 123 124 126 127 128 129 130 131 136 137 138 
126 35
6 18 30 42 48 54 61 66 71 74 78 82 87 90 93 100 102 104 113 114 115 120 121 122 123 124 125 127 128 129 130 131 137 138 139 
127 35
7 19 31 36 43 49 55 62 67 75 79 83 88 91 94 101 103 105 114 115 116 120 121 122 123 124 125 126 128 129 130 131 138 139 140 
128 35
8 20 24 32 37 44 50 56 63 68 76 80 89 92 95 102 104 106 115 116 117 120 121 122 123 124 125 126 127 129 130 131 139 140 141 
129 35
9 12 21 25 33 38 45 51 57 64 69 77 81 90 93 103 105 107 116 117 118 120 121 122 123 124 125 126 127 128 130 131 140 141 142 
130 35
0 10 13 22 26 34 39 46 52 58 65 70 78 82 91 94 104 106 117 118 119 120 121 122 123 124 125 126 127 128 129 131 141 142 143 
131 33
1 11 14 23 27 35 40 47 53 59 66 71 79 83 92 95 105 107 118 119 120 121 122 123 124 125 126 127 128 129 130 142 143 
132 33
0 11 12 22 24 33 36 44 48 55 60 66 72 77 84 88 96 99 108 110 120 121 133 134 135 136 137 138 139 140 141 142 143 
133 33
1 13 23 25 34 37 45 49 56 61 67 73 78 85 89 97 100 109 111 120 121 122 132 134 135 136 137 138 139 140 141 142 143 
134 33
2 14 26 35 38 46 50 57 62 68 74 79 86 90 98 101 108 110 112 121 122 123 132 133 135 136 137 138 139 140 141 142 143 
135 33
3 15 27 39 47 51 58 63 69 75 80 87 91 96 99 102 109 111 113 122 123 124 132 133 134 136 137 138 139 140 141 142 143 
136 33
4 16 28 40 52 59 64 70 76 81 84 88 92 97 100 103 110 112 114 123 124 125 132 133 134 135 137 138 139 140 141 142 143 
137 33
5 17 29 41 53 65 71 72 77 82 85 89 93 98 101 104 111 113 115 124 125 126 132 133 134 135 136 138 139 140 141 142 143 
138 33
6 18 30 42 54 60 66 73 78 83 86 90 94 99 102 105 112 114 116 125 126 127 132 133 134 135 136 137 139 140 141 142 143 
139 33
7 19 31 43 48 55 61 67 74 79 87 91 95 100 103 106 113 115 117 126 127 128 132 133 134 135 136 137 138 140 141 142 143 
140 33
8 20 32 36 44 49 56 62 68 75 80 88 92 101 104 107 114 116 118 127 128 129 132 133 134 135 136 137 138 139 141 142 143 
141 33
9 21 24 33 37 45 50 57 63 69 76 81 89 93 102 105 115 117 119 128 129 130 132 133 134 135 136 137 138 139 140 142 143 
142 33
10 12 22 25 34 38 46 51 58 64 70 77 82 90 94 103 106 116 118 129 130 131 132 133 134 135 136 137 138 139 140 141 143 
143 33
0 11 13 23 26 35 39 47 52 59 65 71 78 83 91 95 104 107 117 119 130 131 132 133 134 135 136 137 138 139 140 141 142 
