169

0 36
1 2 3 4 5 6 7 8 9 10 11 12 13 14 26 28 39 42 52 56 65 70 78 84 91 98 104 112 117 126 130 140 143 154 156 168 
1 36
0 2 3 4 5 6 7 8 9 10 11 12 13 14 15 27 29 40 43 53 57 66 71 79 85 92 99 105 113 118 127 131 141 144 155 157 
2 36
0 1 3 4 5 6 7 8 9 10 11 12 14 15 16 26 28 30 41 44 54 58 67 72 80 86 93 100 106 114 119 128 132 142 145 158 
3 36
0 1 2 4 5 6 7 8 9 10 11 12 15 16 17 27 29 31 39 42 45 55 59 68 73 81 87 94 101 107 115 120 129 133 146 159 
4 36
0 1 2 3 5 6 7 8 9 10 11 12 16 17 18 28 30 32 40 43 46 52 56 60 69 74 82 88 95 102 108 116 121 134 147 160 
5 36
0 1 2 3 4 6 7 8 9 10 11 12 17 18 19 29 31 33 41 44 47 53 57 61 65 70 75 83 89 96 103 109 122 135 148 161 
6 36
0 1 2 3 4 5 7 8 9 10 11 12 18 19 20 30 32 34 42 45 48 54 58 62 66 71 76 78 84 90 97 110 123 136 149 162 
7 36
0 1 2 3 4 5 6 8 9 10 11 12 19 20 21 31 33 35 43 46 49 55 59 63 67 72 77 79 85 91 98 111 124 137 150 163 
8 36
0 1 2 3 4 5 6 7 9 10 11 12 20 21 22 32 34 36 44 47 50 56 60 64 68 73 80 86 92 99 104 112 125 138 151 164 
9 36
0 1 2 3 4 5 6 7 8 10 11 12 21 22 23 33 35 37 45 48 51 57 61 69 74 81 87 93 100 105 113 117 126 139 152 165 
10 36
0 1 2 3 4 5 6 7 8 9 11 12 22 23 24 34 36 38 46 49 58 62 70 75 82 88 94 101 106 114 118 127 130 140 153 166 
11 36
0 1 2 3 4 5 6 7 8 9 10 12 23 24 25 35 37 47 50 59 63 71 76 83 89 95 102 107 115 119 128 131 141 143 154 167 
12 36
0 1 2 3 4 5 6 7 8 9 10 11 24 25 36 38 48 51 60 64 72 77 84 90 96 103 108 116 120 129 132 142 144 155 156 168 
13 36
0 1 14 15 16 17 18 19 20 21 22 23 24 25 26 27 39 41 52 55 65 69 78 83 91 97 104 111 117 125 130 139 143 153 156 167 
14 38
0 1 2 13 15 16 17 18 19 20 21 22 23 24 25 26 27 28 40 42 53 56 66 70 79 84 92 98 105 112 118 126 131 140 144 154 157 168 
15 38
1 2 3 13 14 16 17 18 19 20 21 22 23 24 25 27 28 29 39 41 43 54 57 67 71 80 85 93 99 106 113 119 127 132 141 145 155 158 
16 38
2 3 4 13 14 15 17 18 19 20 21 22 23 24 25 28 29 30 40 42 44 52 55 58 68 72 81 86 94 100 107 114 120 128 133 142 146 159 
17 38
3 4 5 13 14 15 16 18 19 20 21 22 23 24 25 29 30 31 41 43 45 53 56 59 65 69 73 82 87 95 101 108 115 121 129 134 147 160 
18 38
4 5 6 13 14 15 16 17 19 20 21 22 23 24 25 30 31 32 42 44 46 54 57 60 66 70 74 78 83 88 96 102 109 116 122 135 148 161 
19 38
5 6 7 13 14 15 16 17 18 20 21 22 23 24 25 31 32 33 43 45 47 55 58 61 67 71 75 79 84 89 91 97 103 110 123 136 149 162 
20 38
6 7 8 13 14 15 16 17 18 19 21 22 23 24 25 32 33 34 44 46 48 56 59 62 68 72 76 80 85 90 92 98 104 111 124 137 150 163 
21 38
7 8 9 13 14 15 16 17 18 19 20 22 23 24 25 33 34 35 45 47 49 57 60 63 69 73 77 81 86 93 99 105 112 117 125 138 151 164 
22 38
8 9 10 13 14 15 16 17 18 19 20 21 23 24 25 34 35 36 46 48 50 58 61 64 70 74 82 87 94 100 106 113 118 126 130 139 152 165 
23 38
9 10 11 13 14 15 16 17 18 19 20 21 22 24 25 35 36 37 47 49 51 59 62 71 75 83 88 95 101 107 114 119 127 131 140 143 153 166 
24 38
10 11 12 13 14 15 16 17 18 19 20 21 22 23 25 36 37 38 48 50 60 63 72 76 84 89 96 102 108 115 120 128 132 141 144 154 156 167 
25 36
11 12 13 14 15 16 17 18 19 20 21 22 23 24 37 38 49 51 61 64 73 77 85 90 97 103 109 116 121 129 133 142 145 155 157 168 
26 36
0 2 13 14 27 28 29 30 31 32 33 34 35 36 37 38 39 40 52 54 65 68 78 82 91 96 104 110 117 124 130 138 143 152 156 166 
27 38
1 3 13 14 15 26 28 29 30 31 32 33 34 35 36 37 38 39 40 41 53 55 66 69 79 83 92 97 105 111 118 125 131 139 144 153 157 167 
28 40
0 2 4 14 15 16 26 27 29 30 31 32 33 34 35 36 37 38 40 41 42 52 54 56 67 70 80 84 93 98 106 112 119 126 132 140 145 154 158 168 
29 40
1 3 5 15 16 17 26 27 28 30 31 32 33 34 35 36 37 38 41 42 43 53 55 57 65 68 71 81 85 94 99 107 113 120 127 133 141 146 155 159 
30 40
2 4 6 16 17 18 26 27 28 29 31 32 33 34 35 36 37 38 42 43 44 54 56 58 66 69 72 78 82 86 95 100 108 114 121 128 134 142 147 160 
31 40
3 5 7 17 18 19 26 27 28 29 30 32 33 34 35 36 37 38 43 44 45 55 57 59 67 70 73 79 83 87 91 96 101 109 115 122 129 135 148 161 
32 40
4 6 8 18 19 20 26 27 28 29 30 31 33 34 35 36 37 38 44 45 46 56 58 60 68 71 74 80 84 88 92 97 102 104 110 116 123 136 149 162 
33 40
5 7 9 19 20 21 26 27 28 29 30 31 32 34 35 36 37 38 45 46 47 57 59 61 69 72 75 81 85 89 93 98 103 105 111 117 124 137 150 163 
34 40
6 8 10 20 21 22 26 27 28 29 30 31 32 33 35 36 37 38 46 47 48 58 60 62 70 73 76 82 86 90 94 99 106 112 118 125 130 138 151 164 
35 40
7 9 11 21 22 23 26 27 28 29 30 31 32 33 34 36 37 38 47 48 49 59 61 63 71 74 77 83 87 95 100 107 113 119 126 131 139 143 152 165 
36 40
8 10 12 22 23 24 26 27 28 29 30 31 32 33 34 35 37 38 48 49 50 60 62 64 72 75 84 88 96 101 108 114 120 127 132 140 144 153 156 166 
37 38
9 11 23 24 25 26 27 28 29 30 31 32 33 34 35 36 38 49 50 51 61 63 73 76 85 89 97 102 109 115 121 128 133 141 145 154 157 167 
38 36
10 12 24 25 26 27 28 29 30 31 32 33 34 35 36 37 50 51 62 64 74 77 86 90 98 103 110 116 122 129 134 142 146 155 158 168 
39 36
0 3 13 15 26 27 40 41 42 43 44 45 46 47 48 49 50 51 52 53 65 67 78 81 91 95 104 109 117 123 130 137 143 151 156 165 
40 38
1 4 14 16 26 27 28 39 41 42 43 44 45 46 47 48 49 50 51 52 53 54 66 68 79 82 92 96 105 110 118 124 131 138 144 152 157 166 
41 40
2 5 13 15 17 27 28 29 39 40 42 43 44 45 46 47 48 49 50 51 53 54 55 65 67 69 80 83 93 97 106 111 119 125 132 139 145 153 158 167 
42 42
0 3 6 14 16 18 28 29 30 39 40 41 43 44 45 46 47 48 49 50 51 54 55 56 66 68 70 78 81 84 94 98 107 112 120 126 133 140 146 154 159 168 
43 42
1 4 7 15 17 19 29 30 31 39 40 41 42 44 45 46 47 48 49 50 51 55 56 57 67 69 71 79 82 85 91 95 99 108 113 121 127 134 141 147 155 160 
44 42
2 5 8 16 18 20 30 31 32 39 40 41 42 43 45 46 47 48 49 50 51 56 57 58 68 70 72 80 83 86 92 96 100 104 109 114 122 128 135 142 148 161 
45 42
3 6 9 17 19 21 31 32 33 39 40 41 42 43 44 46 47 48 49 50 51 57 58 59 69 71 73 81 84 87 93 97 101 105 110 115 117 123 129 136 149 162 
46 42
4 7 10 18 20 22 32 33 34 39 40 41 42 43 44 45 47 48 49 50 51 58 59 60 70 72 74 82 85 88 94 98 102 106 111 116 118 124 130 137 150 163 
47 42
5 8 11 19 21 23 33 34 35 39 40 41 42 43 44 45 46 48 49 50 51 59 60 61 71 73 75 83 86 89 95 99 103 107 112 119 125 131 138 143 151 164 
48 42
6 9 12 20 22 24 34 35 36 39 40 41 42 43 44 45 46 47 49 50 51 60 61 62 72 74 76 84 87 90 96 100 108 113 120 126 132 139 144 152 156 165 
49 40
7 10 21 23 25 35 36 37 39 40 41 42 43 44 45 46 47 48 50 51 61 62 63 73 75 77 85 88 97 101 109 114 121 127 133 140 145 153 157 166 
50 38
8 11 22 24 36 37 38 39 40 41 42 43 44 45 46 47 48 49 51 62 63 64 74 76 86 89 98 102 110 115 122 128 134 141 146 154 158 167 
51 36
9 12 23 25 37 38 39 40 41 42 43 44 45 46 47 48 49 50 63 64 75 77 87 90 99 103 111 116 123 129 135 142 147 155 159 168 
52 36
0 4 13 16 26 28 39 40 53 54 55 56 57 58 59 60 61 62 63 64 65 66 78 80 91 94 104 108 117 122 130 136 143 150 156 164 
53 38
1 5 14 17 27 29 39 40 41 52 54 55 56 57 58 59 60 61 62 63 64 65 66 67 79 81 92 95 105 109 118 123 131 137 144 151 157 165 
54 40
2 6 15 18 26 28 30 40 41 42 52 53 55 56 57 58 59 60 61 62 63 64 66 67 68 78 80 82 93 96 106 110 119 124 132 138 145 152 158 166 
55 42
3 7 13 16 19 27 29 31 41 42 43 52 53 54 56 57 58 59 60 61 62 63 64 67 68 69 79 81 83 91 94 97 107 111 120 125 133 139 146 153 159 167 
56 44
0 4 8 14 17 20 28 30 32 42 43 44 52 53 54 55 57 58 59 60 61 62 63 64 68 69 70 80 82 84 92 95 98 104 108 112 121 126 134 140 147 154 160 168 
57 44
1 5 9 15 18 21 29 31 33 43 44 45 52 53 54 55 56 58 59 60 61 62 63 64 69 70 71 81 83 85 93 96 99 105 109 113 117 122 127 135 141 148 155 161 
58 44
2 6 10 16 19 22 30 32 34 44 45 46 52 53 54 55 56 57 59 60 61 62 63 64 70 71 72 82 84 86 94 97 100 106 110 114 118 123 128 130 136 142 149 162 
59 44
3 7 11 17 20 23 31 33 35 45 46 47 52 53 54 55 56 57 58 60 61 62 63 64 71 72 73 83 85 87 95 98 101 107 111 115 119 124 129 131 137 143 150 163 
60 44
4 8 12 18 21 24 32 34 36 46 47 48 52 53 54 55 56 57 58 59 61 62 63 64 72 73 74 84 86 88 96 99 102 108 112 116 120 125 132 138 144 151 156 164 
61 42
5 9 19 22 25 33 35 37 47 48 49 52 53 54 55 56 57 58 59 60 62 63 64 73 74 75 85 87 89 97 100 103 109 113 121 126 133 139 145 152 157 165 
62 40
6 10 20 23 34 36 38 48 49 50 52 53 54 55 56 57 58 59 60 61 63 64 74 75 76 86 88 90 98 101 110 114 122 127 134 140 146 153 158 166 
63 38
7 11 21 24 35 37 49 50 51 52 53 54 55 56 57 58 59 60 61 62 64 75 76 77 87 89 99 102 111 115 123 128 135 141 147 154 159 167 
64 36
8 12 22 25 36 38 50 51 52 53 54 55 56 57 58 59 60 61 62 63 76 77 88 90 100 103 112 116 124 129 136 142 148 155 160 168 
65 36
0 5 13 17 26 29 39 41 52 53 66 67 68 69 70 71 72 73 74 75 76 77 78 79 91 93 104 107 117 121 130 135 143 149 156 163 
66 38
1 6 14 18 27 30 40 42 52 53 54 65 67 68 69 70 71 72 73 74 75 76 77 78 79 80 92 94 105 108 118 122 131 136 144 150 157 164 
67 40
2 7 15 19 28 31 39 41 43 53 54 55 65 66 68 69 70 71 72 73 74 75 76 77 79 80 81 91 93 95 106 109 119 123 132 137 145 151 158 165 
68 42
3 8 16 20 26 29 32 40 42 44 54 55 56 65 66 67 69 70 71 72 73 74 75 76 77 80 81 82 92 94 96 104 107 110 120 124 133 138 146 152 159 166 
69 44
4 9 13 17 21 27 30 33 41 43 45 55 56 57 65 66 67 68 70 71 72 73 74 75 76 77 81 82 83 93 95 97 105 108 111 117 121 125 134 139 147 153 160 167 
70 46
0 5 10 14 18 22 28 31 34 42 44 46 56 57 58 65 66 67 68 69 71 72 73 74 75 76 77 82 83 84 94 96 98 106 109 112 118 122 126 130 135 140 148 154 161 168 
71 46
1 6 11 15 19 23 29 32 35 43 45 47 57 58 59 65 66 67 68 69 70 72 73 74 75 76 77 83 84 85 95 97 99 107 110 113 119 123 127 131 136 141 143 149 155 162 
72 46
2 7 12 16 20 24 30 33 36 44 46 48 58 59 60 65 66 67 68 69 70 71 73 74 75 76 77 84 85 86 96 98 100 108 111 114 120 124 128 132 137 142 144 150 156 163 
73 44
3 8 17 21 25 31 34 37 45 47 49 59 60 61 65 66 67 68 69 70 71 72 74 75 76 77 85 86 87 97 99 101 109 112 115 121 125 129 133 138 145 151 157 164 
74 42
4 9 18 22 32 35 38 46 48 50 60 61 62 65 66 67 68 69 70 71 72 73 75 76 77 86 87 88 98 100 102 110 113 116 122 126 134 139 146 152 158 165 
75 40
5 10 19 23 33 36 47 49 51 61 62 63 65 66 67 68 69 70 71 72 73 74 76 77 87 88 89 99 101 103 111 114 123 127 135 140 147 153 159 166 
76 38
6 11 20 24 34 37 48 50 62 63 64 65 66 67 68 69 70 71 72 73 74 75 77 88 89 90 100 102 112 115 124 128 136 141 148 154 160 167 
77 36
7 12 21 25 35 38 49 51 63 64 65 66 67 68 69 70 71 72 73 74 75 76 89 90 101 103 113 116 125 129 137 142 149 155 161 168 
78 36
0 6 13 18 26 30 39 42 52 54 65 66 79 80 81 82 83 84 85 86 87 88 89 90 91 92 104 106 117 120 130 134 143 148 156 162 
79 38
1 7 14 19 27 31 40 43 53 55 65 66 67 78 80 81 82 83 84 85 86 87 88 89 90 91 92 93 105 107 118 121 131 135 144 149 157 163 
80 40
2 8 15 20 28 32 41 44 52 54 56 66 67 68 78 79 81 82 83 84 85 86 87 88 89 90 92 93 94 104 106 108 119 122 132 136 145 150 158 164 
81 42
3 9 16 21 29 33 39 42 45 53 55 57 67 68 69 78 79 80 82 83 84 85 86 87 88 89 90 93 94 95 105 107 109 117 120 123 133 137 146 151 159 165 
82 44
4 10 17 22 26 30 34 40 43 46 54 56 58 68 69 70 78 79 80 81 83 84 85 86 87 88 89 90 94 95 96 106 108 110 118 121 124 130 134 138 147 152 160 166 
83 46
5 11 13 18 23 27 31 35 41 44 47 55 57 59 69 70 71 78 79 80 81 82 84 85 86 87 88 89 90 95 96 97 107 109 111 119 122 125 131 135 139 143 148 153 161 167 
84 48
0 6 12 14 19 24 28 32 36 42 45 48 56 58 60 70 71 72 78 79 80 81 82 83 85 86 87 88 89 90 96 97 98 108 110 112 120 123 126 132 136 140 144 149 154 156 162 168 
85 46
1 7 15 20 25 29 33 37 43 46 49 57 59 61 71 72 73 78 79 80 81 82 83 84 86 87 88 89 90 97 98 99 109 111 113 121 124 127 133 137 141 145 150 155 157 163 
86 44
2 8 16 21 30 34 38 44 47 50 58 60 62 72 73 74 78 79 80 81 82 83 84 85 87 88 89 90 98 99 100 110 112 114 122 125 128 134 138 142 146 151 158 164 
87 42
3 9 17 22 31 35 45 48 51 59 61 63 73 74 75 78 79 80 81 82 83 84 85 86 88 89 90 99 100 101 111 113 115 123 126 129 135 139 147 152 159 165 
88 40
4 10 18 23 32 36 46 49 60 62 64 74 75 76 78 79 80 81 82 83 84 85 86 87 89 90 100 101 102 112 114 116 124 127 136 140 148 153 160 166 
89 38
5 11 19 24 33 37 47 50 61 63 75 76 77 78 79 80 81 82 83 84 85 86 87 88 90 101 102 103 113 115 125 128 137 141 149 154 161 167 
90 36
6 12 20 25 34 38 48 51 62 64 76 77 78 79 80 81 82 83 84 85 86 87 88 89 102 103 114 116 126 129 138 142 150 155 162 168 
91 36
0 7 13 19 26 31 39 43 52 55 65 67 78 79 92 93 94 95 96 97 98 99 100 101 102 103 104 105 117 119 130 133 143 147 156 161 
92 38
1 8 14 20 27 32 40 44 53 56 66 68 78 79 80 91 93 94 95 96 97 98 99 100 101 102 103 104 105 106 118 120 131 134 144 148 157 162 
93 40
2 9 15 21 28 33 41 45 54 57 65 67 69 79 80 81 91 92 94 95 96 97 98 99 100 101 102 103 105 106 107 117 119 121 132 135 145 149 158 163 
94 42
3 10 16 22 29 34 42 46 52 55 58 66 68 70 80 81 82 91 92 93 95 96 97 98 99 100 101 102 103 106 107 108 118 120 122 130 133 136 146 150 159 164 
95 44
4 11 17 23 30 35 39 43 47 53 56 59 67 69 71 81 82 83 91 92 93 94 96 97 98 99 100 101 102 103 107 108 109 119 121 123 131 134 137 143 147 151 160 165 
96 46
5 12 18 24 26 31 36 40 44 48 54 57 60 68 70 72 82 83 84 91 92 93 94 95 97 98 99 100 101 102 103 108 109 110 120 122 124 132 135 138 144 148 152 156 161 166 
97 46
6 13 19 25 27 32 37 41 45 49 55 58 61 69 71 73 83 84 85 91 92 93 94 95 96 98 99 100 101 102 103 109 110 111 121 123 125 133 136 139 145 149 153 157 162 167 
98 46
0 7 14 20 28 33 38 42 46 50 56 59 62 70 72 74 84 85 86 91 92 93 94 95 96 97 99 100 101 102 103 110 111 112 122 124 126 134 137 140 146 150 154 158 163 168 
99 44
1 8 15 21 29 34 43 47 51 57 60 63 71 73 75 85 86 87 91 92 93 94 95 96 97 98 100 101 102 103 111 112 113 123 125 127 135 138 141 147 151 155 159 164 
100 42
2 9 16 22 30 35 44 48 58 61 64 72 74 76 86 87 88 91 92 93 94 95 96 97 98 99 101 102 103 112 113 114 124 126 128 136 139 142 148 152 160 165 
101 40
3 10 17 23 31 36 45 49 59 62 73 75 77 87 88 89 91 92 93 94 95 96 97 98 99 100 102 103 113 114 115 125 127 129 137 140 149 153 161 166 
102 38
4 11 18 24 32 37 46 50 60 63 74 76 88 89 90 91 92 93 94 95 96 97 98 99 100 101 103 114 115 116 126 128 138 141 150 154 162 167 
103 36
5 12 19 25 33 38 47 51 61 64 75 77 89 90 91 92 93 94 95 96 97 98 99 100 101 102 115 116 127 129 139 142 151 155 163 168 
104 36
0 8 13 20 26 32 39 44 52 56 65 68 78 80 91 92 105 106 107 108 109 110 111 112 113 114 115 116 117 118 130 132 143 146 156 160 
105 38
1 9 14 21 27 33 40 45 53 57 66 69 79 81 91 92 93 104 106 107 108 109 110 111 112 113 114 115 116 117 118 119 131 133 144 147 157 161 
106 40
2 10 15 22 28 34 41 46 54 58 67 70 78 80 82 92 93 94 104 105 107 108 109 110 111 112 113 114 115 116 118 119 120 130 132 134 145 148 158 162 
107 42
3 11 16 23 29 35 42 47 55 59 65 68 71 79 81 83 93 94 95 104 105 106 108 109 110 111 112 113 114 115 116 119 120 121 131 133 135 143 146 149 159 163 
108 44
4 12 17 24 30 36 43 48 52 56 60 66 69 72 80 82 84 94 95 96 104 105 106 107 109 110 111 112 113 114 115 116 120 121 122 132 134 136 144 147 150 156 160 164 
109 44
5 18 25 31 37 39 44 49 53 57 61 67 70 73 81 83 85 95 96 97 104 105 106 107 108 110 111 112 113 114 115 116 121 122 123 133 135 137 145 148 151 157 161 165 
110 44
6 19 26 32 38 40 45 50 54 58 62 68 71 74 82 84 86 96 97 98 104 105 106 107 108 109 111 112 113 114 115 116 122 123 124 134 136 138 146 149 152 158 162 166 
111 44
7 13 20 27 33 41 46 51 55 59 63 69 72 75 83 85 87 97 98 99 104 105 106 107 108 109 110 112 113 114 115 116 123 124 125 135 137 139 147 150 153 159 163 167 
112 44
0 8 14 21 28 34 42 47 56 60 64 70 73 76 84 86 88 98 99 100 104 105 106 107 108 109 110 111 113 114 115 116 124 125 126 136 138 140 148 151 154 160 164 168 
113 42
1 9 15 22 29 35 43 48 57 61 71 74 77 85 87 89 99 100 101 104 105 106 107 108 109 110 111 112 114 115 116 125 126 127 137 139 141 149 152 155 161 165 
114 40
2 10 16 23 30 36 44 49 58 62 72 75 86 88 90 100 101 102 104 105 106 107 108 109 110 111 112 113 115 116 126 127 128 138 140 142 150 153 162 166 
115 38
3 11 17 24 31 37 45 50 59 63 73 76 87 89 101 102 103 104 105 106 107 108 109 110 111 112 113 114 116 127 128 129 139 141 151 154 163 167 
116 36
4 12 18 25 32 38 46 51 60 64 74 77 88 90 102 103 104 105 106 107 108 109 110 111 112 113 114 115 128 129 140 142 152 155 164 168 
117 36
0 9 13 21 26 33 39 45 52 57 65 69 78 81 91 93 104 105 118 119 120 121 122 123 124 125 126 127 128 129 130 131 143 145 156 159 
118 38
1 10 14 22 27 34 40 46 53 58 66 70 79 82 92 94 104 105 106 117 119 120 121 122 123 124 125 126 127 128 129 130 131 132 144 146 157 160 
119 40
2 11 15 23 28 35 41 47 54 59 67 71 80 83 91 93 95 105 106 107 117 118 120 121 122 123 124 125 126 127 128 129 131 132 133 143 145 147 158 161 
120 42
3 12 16 24 29 36 42 48 55 60 68 72 78 81 84 92 94 96 106 107 108 117 118 119 121 122 123 124 125 126 127 128 129 132 133 134 144 146 148 156 159 162 
121 42
4 17 25 30 37 43 49 56 61 65 69 73 79 82 85 93 95 97 107 108 109 117 118 119 120 122 123 124 125 126 127 128 129 133 134 135 145 147 149 157 160 163 
122 42
5 18 31 38 44 50 52 57 62 66 70 74 80 83 86 94 96 98 108 109 110 117 118 119 120 121 123 124 125 126 127 128 129 134 135 136 146 148 150 158 161 164 
123 42
6 19 32 39 45 51 53 58 63 67 71 75 81 84 87 95 97 99 109 110 111 117 118 119 120 121 122 124 125 126 127 128 129 135 136 137 147 149 151 159 162 165 
124 42
7 20 26 33 40 46 54 59 64 68 72 76 82 85 88 96 98 100 110 111 112 117 118 119 120 121 122 123 125 126 127 128 129 136 137 138 148 150 152 160 163 166 
125 42
8 13 21 27 34 41 47 55 60 69 73 77 83 86 89 97 99 101 111 112 113 117 118 119 120 121 122 123 124 126 127 128 129 137 138 139 149 151 153 161 164 167 
126 42
0 9 14 22 28 35 42 48 56 61 70 74 84 87 90 98 100 102 112 113 114 117 118 119 120 121 122 123 124 125 127 128 129 138 139 140 150 152 154 162 165 168 
127 40
1 10 15 23 29 36 43 49 57 62 71 75 85 88 99 101 103 113 114 115 117 118 119 120 121 122 123 124 125 126 128 129 139 140 141 151 153 155 163 166 
128 38
2 11 16 24 30 37 44 50 58 63 72 76 86 89 100 102 114 115 116 117 118 119 120 121 122 123 124 125 126 127 129 140 141 142 152 154 164 167 
129 36
3 12 17 25 31 38 45 51 59 64 73 77 87 90 101 103 115 116 117 118 119 120 121 122 123 124 125 126 127 128 141 142 153 155 165 168 
130 36
0 10 13 22 26 34 39 46 52 58 65 70 78 82 91 94 104 106 117 118 131 132 133 134 135 136 137 138 139 140 141 142 143 144 156 158 
131 38
1 11 14 23 27 35 40 47 53 59 66 71 79 83 92 95 105 107 117 118 119 130 132 133 134 135 136 137 138 139 140 141 142 143 144 145 157 159 
132 40
2 12 15 24 28 36 41 48 54 60 67 72 80 84 93 96 104 106 108 118 119 120 130 131 133 134 135 136 137 138 139 140 141 142 144 145 146 156 158 160 
133 40
3 16 25 29 37 42 49 55 61 68 73 81 85 91 94 97 105 107 109 119 120 121 130 131 132 134 135 136 137 138 139 140 141 142 145 146 147 157 159 161 
134 40
4 17 30 38 43 50 56 62 69 74 78 82 86 92 95 98 106 108 110 120 121 122 130 131 132 133 135 136 137 138 139 140 141 142 146 147 148 158 160 162 
135 40
5 18 31 44 51 57 63 65 70 75 79 83 87 93 96 99 107 109 111 121 122 123 130 131 132 133 134 136 137 138 139 140 141 142 147 148 149 159 161 163 
136 40
6 19 32 45 52 58 64 66 71 76 80 84 88 94 97 100 108 110 112 122 123 124 130 131 132 133 134 135 137 138 139 140 141 142 148 149 150 160 162 164 
137 40
7 20 33 39 46 53 59 67 72 77 81 85 89 95 98 101 109 111 113 123 124 125 130 131 132 133 134 135 136 138 139 140 141 142 149 150 151 161 163 165 
138 40
8 21 26 34 40 47 54 60 68 73 82 86 90 96 99 102 110 112 114 124 125 126 130 131 132 133 134 135 136 137 139 140 141 142 150 151 152 162 164 166 
139 40
9 13 22 27 35 41 48 55 61 69 74 83 87 97 100 103 111 113 115 125 126 127 130 131 132 133 134 135 136 137 138 140 141 142 151 152 153 163 165 167 
140 40
0 10 14 23 28 36 42 49 56 62 70 75 84 88 98 101 112 114 116 126 127 128 130 131 132 133 134 135 136 137 138 139 141 142 152 153 154 164 166 168 
141 38
1 11 15 24 29 37 43 50 57 63 71 76 85 89 99 102 113 115 127 128 129 130 131 132 133 134 135 136 137 138 139 140 142 153 154 155 165 167 
142 36
2 12 16 25 30 38 44 51 58 64 72 77 86 90 100 103 114 116 128 129 130 131 132 133 134 135 136 137 138 139 140 141 154 155 166 168 
143 36
0 11 13 23 26 35 39 47 52 59 65 71 78 83 91 95 104 107 117 119 130 131 144 145 146 147 148 149 150 151 152 153 154 155 156 157 
144 38
1 12 14 24 27 36 40 48 53 60 66 72 79 84 92 96 105 108 118 120 130 131 132 143 145 146 147 148 149 150 151 152 153 154 155 156 157 158 
145 38
2 15 25 28 37 41 49 54 61 67 73 80 85 93 97 106 109 117 119 121 131 132 133 143 144 146 147 148 149 150 151 152 153 154 155 157 158 159 
146 38
3 16 29 38 42 50 55 62 68 74 81 86 94 98 104 107 110 118 120 122 132 133 134 143 144 145 147 148 149 150 151 152 153 154 155 158 159 160 
147 38
4 17 30 43 51 56 63 69 75 82 87 91 95 99 105 108 111 119 121 123 133 134 135 143 144 145 146 148 149 150 151 152 153 154 155 159 160 161 
148 38
5 18 31 44 57 64 70 76 78 83 88 92 96 100 106 109 112 120 122 124 134 135 136 143 144 145 146 147 149 150 151 152 153 154 155 160 161 162 
149 38
6 19 32 45 58 65 71 77 79 84 89 93 97 101 107 110 113 121 123 125 135 136 137 143 144 145 146 147 148 150 151 152 153 154 155 161 162 163 
150 38
7 20 33 46 52 59 66 72 80 85 90 94 98 102 108 111 114 122 124 126 136 137 138 143 144 145 146 147 148 149 151 152 153 154 155 162 163 164 
151 38
8 21 34 39 47 53 60 67 73 81 86 95 99 103 109 112 115 123 125 127 137 138 139 143 144 145 146 147 148 149 150 152 153 154 155 163 164 165 
152 38
9 22 26 35 40 48 54 61 68 74 82 87 96 100 110 113 116 124 126 128 138 139 140 143 144 145 146 147 148 149 150 151 153 154 155 164 165 166 
153 38
10 13 23 27 36 41 49 55 62 69 75 83 88 97 101 111 114 125 127 129 139 140 141 143 144 145 146 147 148 149 150 151 152 154 155 165 166 167 
154 38
0 11 14 24 28 37 42 50 56 63 70 76 84 89 98 102 112 115 126 128 140 141 142 143 144 145 146 147 148 149 150 151 152 153 155 166 167 168 
155 36
1 12 15 25 29 38 43 51 57 64 71 77 85 90 99 103 113 116 127 129 141 142 143 144 145 146 147 148 149 150 151 152 153 154 167 168 
156 36
0 12 13 24 26 36 39 48 52 60 65 72 78 84 91 96 104 108 117 120 130 132 143 144 157 158 159 160 161 162 163 164 165 166 167 168 
157 36
1 14 25 27 37 40 49 53 61 66 73 79 85 92 97 105 109 118 121 131 133 143 144 145 156 158 159 160 161 162 163 164 165 166 167 168 
158 36
2 15 28 38 41 50 54 62 67 74 80 86 93 98 106 110 119 122 130 132 134 144 145 146 156 157 159 160 161 162 163 164 165 166 167 168 
159 36
3 16 29 42 51 55 63 68 75 81 87 94 99 107 111 117 120 123 131 133 135 145 146 147 156 157 158 160 161 162 163 164 165 166 167 168 
160 36
4 17 30 43 56 64 69 76 82 88 95 100 104 108 112 118 121 124 132 134 136 146 147 148 156 157 158 159 161 162 163 164 165 166 167 168 
161 36
5 18 31 44 57 70 77 83 89 91 96 101 105 109 113 119 122 125 133 135 137 147 148 149 156 157 158 159 160 162 163 164 165 166 167 168 
162 36
6 19 32 45 58 71 78 84 90 92 97 102 106 110 114 120 123 126 134 136 138 148 149 150 156 157 158 159 160 161 163 164 165 166 167 168 
163 36
7 20 33 46 59 65 72 79 85 93 98 103 107 111 115 121 124 127 135 137 139 149 150 151 156 157 158 159 160 161 162 164 165 166 167 168 
164 36
8 21 34 47 52 60 66 73 80 86 94 99 108 112 116 122 125 128 136 138 140 150 151 152 156 157 158 159 160 161 162 163 165 166 167 168 
165 36
9 22 35 39 48 53 61 67 74 81 87 95 100 109 113 123 126 129 137 139 141 151 152 153 156 157 158 159 160 161 162 163 164 166 167 168 
166 36
10 23 26 36 40 49 54 62 68 75 82 88 96 101 110 114 124 127 138 140 142 152 153 154 156 157 158 159 160 161 162 163 164 165 167 168 
167 36
11 13 24 27 37 41 50 55 63 69 76 83 89 97 102 111 115 125 128 139 141 153 154 155 156 157 158 159 160 161 162 163 164 165 166 168 
168 36
0 12 14 25 28 38 42 51 56 64 70 77 84 90 98 103 112 116 126 129 140 142 154 155 156 157 158 159 160 161 162 163 164 165 166 167 
