196

0 39
1 2 3 4 5 6 7 8 9 10 11 12 13 14 15 28 30 42 45 56 60 70 75 84 90 98 105 112 120 126 135 140 150 154 165 168 180 182 195 
1 39
0 2 3 4 5 6 7 8 9 10 11 12 13 14 15 16 29 31 43 46 57 61 71 76 85 91 99 106 113 121 127 136 141 151 155 166 169 181 183 
2 39
0 1 3 4 5 6 7 8 9 10 11 12 13 15 16 17 28 30 32 44 47 58 62 72 77 86 92 100 107 114 122 128 137 142 152 156 167 170 184 
3 39
0 1 2 4 5 6 7 8 9 10 11 12 13 16 17 18 29 31 33 42 45 48 59 63 73 78 87 93 101 108 115 123 129 138 143 153 157 171 185 
4 39
0 1 2 3 5 6 7 8 9 10 11 12 13 17 18 19 30 32 34 43 46 49 56 60 64 74 79 88 94 102 109 116 124 130 139 144 158 172 186 
5 39
0 1 2 3 4 6 7 8 9 10 11 12 13 18 19 20 31 33 35 44 47 50 57 61 65 70 75 80 89 95 103 110 117 125 131 145 159 173 187 
6 39
0 1 2 3 4 5 7 8 9 10 11 12 13 19 20 21 32 34 36 45 48 51 58 62 66 71 76 81 84 90 96 104 111 118 132 146 160 174 188 
7 39
0 1 2 3 4 5 6 8 9 10 11 12 13 20 21 22 33 35 37 46 49 52 59 63 67 72 77 82 85 91 97 98 105 119 133 147 161 175 189 
8 39
0 1 2 3 4 5 6 7 9 10 11 12 13 21 22 23 34 36 38 47 50 53 60 64 68 73 78 83 86 92 99 106 112 120 134 148 162 176 190 
9 39
0 1 2 3 4 5 6 7 8 10 11 12 13 22 23 24 35 37 39 48 51 54 61 65 69 74 79 87 93 100 107 113 121 126 135 149 163 177 191 
10 39
0 1 2 3 4 5 6 7 8 9 11 12 13 23 24 25 36 38 40 49 52 55 62 66 75 80 88 94 101 108 114 122 127 136 140 150 164 178 192 
11 39
0 1 2 3 4 5 6 7 8 9 10 12 13 24 25 26 37 39 41 50 53 63 67 76 81 89 95 102 109 115 123 128 137 141 151 154 165 179 193 
12 39
0 1 2 3 4 5 6 7 8 9 10 11 13 25 26 27 38 40 51 54 64 68 77 82 90 96 103 110 116 124 129 138 142 152 155 166 168 180 194 
13 39
0 1 2 3 4 5 6 7 8 9 10 11 12 26 27 39 41 52 55 65 69 78 83 91 97 104 111 117 125 130 139 143 153 156 167 169 181 182 195 
14 39
0 1 15 16 17 18 19 20 21 22 23 24 25 26 27 28 29 42 44 56 59 70 74 84 89 98 104 112 119 126 134 140 149 154 164 168 179 182 194 
15 41
0 1 2 14 16 17 18 19 20 21 22 23 24 25 26 27 28 29 30 43 45 57 60 71 75 85 90 99 105 113 120 127 135 141 150 155 165 169 180 183 195 
16 41
1 2 3 14 15 17 18 19 20 21 22 23 24 25 26 27 29 30 31 42 44 46 58 61 72 76 86 91 100 106 114 121 128 136 142 151 156 166 170 181 184 
17 41
2 3 4 14 15 16 18 19 20 21 22 23 24 25 26 27 30 31 32 43 45 47 56 59 62 73 77 87 92 101 107 115 122 129 137 143 152 157 167 171 185 
18 41
3 4 5 14 15 16 17 19 20 21 22 23 24 25 26 27 31 32 33 44 46 48 57 60 63 70 74 78 88 93 102 108 116 123 130 138 144 153 158 172 186 
19 41
4 5 6 14 15 16 17 18 20 21 22 23 24 25 26 27 32 33 34 45 47 49 58 61 64 71 75 79 84 89 94 103 109 117 124 131 139 145 159 173 187 
20 41
5 6 7 14 15 16 17 18 19 21 22 23 24 25 26 27 33 34 35 46 48 50 59 62 65 72 76 80 85 90 95 98 104 110 118 125 132 146 160 174 188 
21 41
6 7 8 14 15 16 17 18 19 20 22 23 24 25 26 27 34 35 36 47 49 51 60 63 66 73 77 81 86 91 96 99 105 111 112 119 133 147 161 175 189 
22 41
7 8 9 14 15 16 17 18 19 20 21 23 24 25 26 27 35 36 37 48 50 52 61 64 67 74 78 82 87 92 97 100 106 113 120 126 134 148 162 176 190 
23 41
8 9 10 14 15 16 17 18 19 20 21 22 24 25 26 27 36 37 38 49 51 53 62 65 68 75 79 83 88 93 101 107 114 121 127 135 140 149 163 177 191 
24 41
9 10 11 14 15 16 17 18 19 20 21 22 23 25 26 27 37 38 39 50 52 54 63 66 69 76 80 89 94 102 108 115 122 128 136 141 150 154 164 178 192 
25 41
10 11 12 14 15 16 17 18 19 20 21 22 23 24 26 27 38 39 40 51 53 55 64 67 77 81 90 95 103 109 116 123 129 137 142 151 155 165 168 179 193 
26 41
11 12 13 14 15 16 17 18 19 20 21 22 23 24 25 27 39 40 41 52 54 65 68 78 82 91 96 104 110 117 124 130 138 143 152 156 166 169 180 182 194 
27 39
12 13 14 15 16 17 18 19 20 21 22 23 24 25 26 40 41 53 55 66 69 79 83 92 97 105 111 118 125 131 139 144 153 157 167 170 181 183 195 
28 39
0 2 14 15 29 30 31 32 33 34 35 36 37 38 39 40 41 42 43 56 58 70 73 84 88 98 103 112 118 126 133 140 148 154 163 168 178 182 193 
29 41
1 3 14 15 16 28 30 31 32 33 34 35 36 37 38 39 40 41 42 43 44 57 59 71 74 85 89 99 104 113 119 127 134 141 149 155 164 169 179 183 194 
30 43
0 2 4 15 16 17 28 29 31 32 33 34 35 36 37 38 39 40 41 43 44 45 56 58 60 72 75 86 90 100 105 114 120 128 135 142 150 156 165 170 180 184 195 
31 43
1 3 5 16 17 18 28 29 30 32 33 34 35 36 37 38 39 40 41 44 45 46 57 59 61 70 73 76 87 91 101 106 115 121 129 136 143 151 157 166 171 181 185 
32 43
2 4 6 17 18 19 28 29 30 31 33 34 35 36 37 38 39 40 41 45 46 47 58 60 62 71 74 77 84 88 92 102 107 116 122 130 137 144 152 158 167 172 186 
33 43
3 5 7 18 19 20 28 29 30 31 32 34 35 36 37 38 39 40 41 46 47 48 59 61 63 72 75 78 85 89 93 98 103 108 117 123 131 138 145 153 159 173 187 
34 43
4 6 8 19 20 21 28 29 30 31 32 33 35 36 37 38 39 40 41 47 48 49 60 62 64 73 76 79 86 90 94 99 104 109 112 118 124 132 139 146 160 174 188 
35 43
5 7 9 20 21 22 28 29 30 31 32 33 34 36 37 38 39 40 41 48 49 50 61 63 65 74 77 80 87 91 95 100 105 110 113 119 125 126 133 147 161 175 189 
36 43
6 8 10 21 22 23 28 29 30 31 32 33 34 35 37 38 39 40 41 49 50 51 62 64 66 75 78 81 88 92 96 101 106 111 114 120 127 134 140 148 162 176 190 
37 43
7 9 11 22 23 24 28 29 30 31 32 33 34 35 36 38 39 40 41 50 51 52 63 65 67 76 79 82 89 93 97 102 107 115 121 128 135 141 149 154 163 177 191 
38 43
8 10 12 23 24 25 28 29 30 31 32 33 34 35 36 37 39 40 41 51 52 53 64 66 68 77 80 83 90 94 103 108 116 122 129 136 142 150 155 164 168 178 192 
39 43
9 11 13 24 25 26 28 29 30 31 32 33 34 35 36 37 38 40 41 52 53 54 65 67 69 78 81 91 95 104 109 117 123 130 137 143 151 156 165 169 179 182 193 
40 41
10 12 25 26 27 28 29 30 31 32 33 34 35 36 37 38 39 41 53 54 55 66 68 79 82 92 96 105 110 118 124 131 138 144 152 157 166 170 180 183 194 
41 39
11 13 26 27 28 29 30 31 32 33 34 35 36 37 38 39 40 54 55 67 69 80 83 93 97 106 111 119 125 132 139 145 153 158 167 171 181 184 195 
42 39
0 3 14 16 28 29 43 44 45 46 47 48 49 50 51 52 53 54 55 56 57 70 72 84 87 98 102 112 117 126 132 140 147 154 162 168 177 182 192 
43 41
1 4 15 17 28 29 30 42 44 45 46 47 48 49 50 51 52 53 54 55 56 57 58 71 73 85 88 99 103 113 118 127 133 141 148 155 163 169 178 183 193 
44 43
2 5 14 16 18 29 30 31 42 43 45 46 47 48 49 50 51 52 53 54 55 57 58 59 70 72 74 86 89 100 104 114 119 128 134 142 149 156 164 170 179 184 194 
45 45
0 3 6 15 17 19 30 31 32 42 43 44 46 47 48 49 50 51 52 53 54 55 58 59 60 71 73 75 84 87 90 101 105 115 120 129 135 143 150 157 165 171 180 185 195 
46 45
1 4 7 16 18 20 31 32 33 42 43 44 45 47 48 49 50 51 52 53 54 55 59 60 61 72 74 76 85 88 91 98 102 106 116 121 130 136 144 151 158 166 172 181 186 
47 45
2 5 8 17 19 21 32 33 34 42 43 44 45 46 48 49 50 51 52 53 54 55 60 61 62 73 75 77 86 89 92 99 103 107 112 117 122 131 137 145 152 159 167 173 187 
48 45
3 6 9 18 20 22 33 34 35 42 43 44 45 46 47 49 50 51 52 53 54 55 61 62 63 74 76 78 87 90 93 100 104 108 113 118 123 126 132 138 146 153 160 174 188 
49 45
4 7 10 19 21 23 34 35 36 42 43 44 45 46 47 48 50 51 52 53 54 55 62 63 64 75 77 79 88 91 94 101 105 109 114 119 124 127 133 139 140 147 161 175 189 
50 45
5 8 11 20 22 24 35 36 37 42 43 44 45 46 47 48 49 51 52 53 54 55 63 64 65 76 78 80 89 92 95 102 106 110 115 120 125 128 134 141 148 154 162 176 190 
51 45
6 9 12 21 23 25 36 37 38 42 43 44 45 46 47 48 49 50 52 53 54 55 64 65 66 77 79 81 90 93 96 103 107 111 116 121 129 135 142 149 155 163 168 177 191 
52 45
7 10 13 22 24 26 37 38 39 42 43 44 45 46 47 48 49 50 51 53 54 55 65 66 67 78 80 82 91 94 97 104 108 117 122 130 136 143 150 156 164 169 178 182 192 
53 43
8 11 23 25 27 38 39 40 42 43 44 45 46 47 48 49 50 51 52 54 55 66 67 68 79 81 83 92 95 105 109 118 123 131 137 144 151 157 165 170 179 183 193 
54 41
9 12 24 26 39 40 41 42 43 44 45 46 47 48 49 50 51 52 53 55 67 68 69 80 82 93 96 106 110 119 124 132 138 145 152 158 166 171 180 184 194 
55 39
10 13 25 27 40 41 42 43 44 45 46 47 48 49 50 51 52 53 54 68 69 81 83 94 97 107 111 120 125 133 139 146 153 159 167 172 181 185 195 
56 39
0 4 14 17 28 30 42 43 57 58 59 60 61 62 63 64 65 66 67 68 69 70 71 84 86 98 101 112 116 126 131 140 146 154 161 168 176 182 191 
57 41
1 5 15 18 29 31 42 43 44 56 58 59 60 61 62 63 64 65 66 67 68 69 70 71 72 85 87 99 102 113 117 127 132 141 147 155 162 169 177 183 192 
58 43
2 6 16 19 28 30 32 43 44 45 56 57 59 60 61 62 63 64 65 66 67 68 69 71 72 73 84 86 88 100 103 114 118 128 133 142 148 156 163 170 178 184 193 
59 45
3 7 14 17 20 29 31 33 44 45 46 56 57 58 60 61 62 63 64 65 66 67 68 69 72 73 74 85 87 89 98 101 104 115 119 129 134 143 149 157 164 171 179 185 194 
60 47
0 4 8 15 18 21 30 32 34 45 46 47 56 57 58 59 61 62 63 64 65 66 67 68 69 73 74 75 86 88 90 99 102 105 112 116 120 130 135 144 150 158 165 172 180 186 195 
61 47
1 5 9 16 19 22 31 33 35 46 47 48 56 57 58 59 60 62 63 64 65 66 67 68 69 74 75 76 87 89 91 100 103 106 113 117 121 126 131 136 145 151 159 166 173 181 187 
62 47
2 6 10 17 20 23 32 34 36 47 48 49 56 57 58 59 60 61 63 64 65 66 67 68 69 75 76 77 88 90 92 101 104 107 114 118 122 127 132 137 140 146 152 160 167 174 188 
63 47
3 7 11 18 21 24 33 35 37 48 49 50 56 57 58 59 60 61 62 64 65 66 67 68 69 76 77 78 89 91 93 102 105 108 115 119 123 128 133 138 141 147 153 154 161 175 189 
64 47
4 8 12 19 22 25 34 36 38 49 50 51 56 57 58 59 60 61 62 63 65 66 67 68 69 77 78 79 90 92 94 103 106 109 116 120 124 129 134 139 142 148 155 162 168 176 190 
65 47
5 9 13 20 23 26 35 37 39 50 51 52 56 57 58 59 60 61 62 63 64 66 67 68 69 78 79 80 91 93 95 104 107 110 117 121 125 130 135 143 149 156 163 169 177 182 191 
66 45
6 10 21 24 27 36 38 40 51 52 53 56 57 58 59 60 61 62 63 64 65 67 68 69 79 80 81 92 94 96 105 108 111 118 122 131 136 144 150 157 164 170 178 183 192 
67 43
7 11 22 25 37 39 41 52 53 54 56 57 58 59 60 61 62 63 64 65 66 68 69 80 81 82 93 95 97 106 109 119 123 132 137 145 151 158 165 171 179 184 193 
68 41
8 12 23 26 38 40 53 54 55 56 57 58 59 60 61 62 63 64 65 66 67 69 81 82 83 94 96 107 110 120 124 133 138 146 152 159 166 172 180 185 194 
69 39
9 13 24 27 39 41 54 55 56 57 58 59 60 61 62 63 64 65 66 67 68 82 83 95 97 108 111 121 125 134 139 147 153 160 167 173 181 186 195 
70 39
0 5 14 18 28 31 42 44 56 57 71 72 73 74 75 76 77 78 79 80 81 82 83 84 85 98 100 112 115 126 130 140 145 154 160 168 175 182 190 
71 41
1 6 15 19 29 32 43 45 56 57 58 70 72 73 74 75 76 77 78 79 80 81 82 83 84 85 86 99 101 113 116 127 131 141 146 155 161 169 176 183 191 
72 43
2 7 16 20 30 33 42 44 46 57 58 59 70 71 73 74 75 76 77 78 79 80 81 82 83 85 86 87 98 100 102 114 117 128 132 142 147 156 162 170 177 184 192 
73 45
3 8 17 21 28 31 34 43 45 47 58 59 60 70 71 72 74 75 76 77 78 79 80 81 82 83 86 87 88 99 101 103 112 115 118 129 133 143 148 157 163 171 178 185 193 
74 47
4 9 14 18 22 29 32 35 44 46 48 59 60 61 70 71 72 73 75 76 77 78 79 80 81 82 83 87 88 89 100 102 104 113 116 119 126 130 134 144 149 158 164 172 179 186 194 
75 49
0 5 10 15 19 23 30 33 36 45 47 49 60 61 62 70 71 72 73 74 76 77 78 79 80 81 82 83 88 89 90 101 103 105 114 117 120 127 131 135 140 145 150 159 165 173 180 187 195 
76 49
1 6 11 16 20 24 31 34 37 46 48 50 61 62 63 70 71 72 73 74 75 77 78 79 80 81 82 83 89 90 91 102 104 106 115 118 121 128 132 136 141 146 151 154 160 166 174 181 188 
77 49
2 7 12 17 21 25 32 35 38 47 49 51 62 63 64 70 71 72 73 74 75 76 78 79 80 81 82 83 90 91 92 103 105 107 116 119 122 129 133 137 142 147 152 155 161 167 168 175 189 
78 49
3 8 13 18 22 26 33 36 39 48 50 52 63 64 65 70 71 72 73 74 75 76 77 79 80 81 82 83 91 92 93 104 106 108 117 120 123 130 134 138 143 148 153 156 162 169 176 182 190 
79 47
4 9 19 23 27 34 37 40 49 51 53 64 65 66 70 71 72 73 74 75 76 77 78 80 81 82 83 92 93 94 105 107 109 118 121 124 131 135 139 144 149 157 163 170 177 183 191 
80 45
5 10 20 24 35 38 41 50 52 54 65 66 67 70 71 72 73 74 75 76 77 78 79 81 82 83 93 94 95 106 108 110 119 122 125 132 136 145 150 158 164 171 178 184 192 
81 43
6 11 21 25 36 39 51 53 55 66 67 68 70 71 72 73 74 75 76 77 78 79 80 82 83 94 95 96 107 109 111 120 123 133 137 146 151 159 165 172 179 185 193 
82 41
7 12 22 26 37 40 52 54 67 68 69 70 71 72 73 74 75 76 77 78 79 80 81 83 95 96 97 108 110 121 124 134 138 147 152 160 166 173 180 186 194 
83 39
8 13 23 27 38 41 53 55 68 69 70 71 72 73 74 75 76 77 78 79 80 81 82 96 97 109 111 122 125 135 139 148 153 161 167 174 181 187 195 
84 39
0 6 14 19 28 32 42 45 56 58 70 71 85 86 87 88 89 90 91 92 93 94 95 96 97 98 99 112 114 126 129 140 144 154 159 168 174 182 189 
85 41
1 7 15 20 29 33 43 46 57 59 70 71 72 84 86 87 88 89 90 91 92 93 94 95 96 97 98 99 100 113 115 127 130 141 145 155 160 169 175 183 190 
86 43
2 8 16 21 30 34 44 47 56 58 60 71 72 73 84 85 87 88 89 90 91 92 93 94 95 96 97 99 100 101 112 114 116 128 131 142 146 156 161 170 176 184 191 
87 45
3 9 17 22 31 35 42 45 48 57 59 61 72 73 74 84 85 86 88 89 90 91 92 93 94 95 96 97 100 101 102 113 115 117 126 129 132 143 147 157 162 171 177 185 192 
88 47
4 10 18 23 28 32 36 43 46 49 58 60 62 73 74 75 84 85 86 87 89 90 91 92 93 94 95 96 97 101 102 103 114 116 118 127 130 133 140 144 148 158 163 172 178 186 193 
89 49
5 11 14 19 24 29 33 37 44 47 50 59 61 63 74 75 76 84 85 86 87 88 90 91 92 93 94 95 96 97 102 103 104 115 117 119 128 131 134 141 145 149 154 159 164 173 179 187 194 
90 51
0 6 12 15 20 25 30 34 38 45 48 51 60 62 64 75 76 77 84 85 86 87 88 89 91 92 93 94 95 96 97 103 104 105 116 118 120 129 132 135 142 146 150 155 160 165 168 174 180 188 195 
91 51
1 7 13 16 21 26 31 35 39 46 49 52 61 63 65 76 77 78 84 85 86 87 88 89 90 92 93 94 95 96 97 104 105 106 117 119 121 130 133 136 143 147 151 156 161 166 169 175 181 182 189 
92 49
2 8 17 22 27 32 36 40 47 50 53 62 64 66 77 78 79 84 85 86 87 88 89 90 91 93 94 95 96 97 105 106 107 118 120 122 131 134 137 144 148 152 157 162 167 170 176 183 190 
93 47
3 9 18 23 33 37 41 48 51 54 63 65 67 78 79 80 84 85 86 87 88 89 90 91 92 94 95 96 97 106 107 108 119 121 123 132 135 138 145 149 153 158 163 171 177 184 191 
94 45
4 10 19 24 34 38 49 52 55 64 66 68 79 80 81 84 85 86 87 88 89 90 91 92 93 95 96 97 107 108 109 120 122 124 133 136 139 146 150 159 164 172 178 185 192 
95 43
5 11 20 25 35 39 50 53 65 67 69 80 81 82 84 85 86 87 88 89 90 91 92 93 94 96 97 108 109 110 121 123 125 134 137 147 151 160 165 173 179 186 193 
96 41
6 12 21 26 36 40 51 54 66 68 81 82 83 84 85 86 87 88 89 90 91 92 93 94 95 97 109 110 111 122 124 135 138 148 152 161 166 174 180 187 194 
97 39
7 13 22 27 37 41 52 55 67 69 82 83 84 85 86 87 88 89 90 91 92 93 94 95 96 110 111 123 125 136 139 149 153 162 167 175 181 188 195 
98 39
0 7 14 20 28 33 42 46 56 59 70 72 84 85 99 100 101 102 103 104 105 106 107 108 109 110 111 112 113 126 128 140 143 154 158 168 173 182 188 
99 41
1 8 15 21 29 34 43 47 57 60 71 73 84 85 86 98 100 101 102 103 104 105 106 107 108 109 110 111 112 113 114 127 129 141 144 155 159 169 174 183 189 
100 43
2 9 16 22 30 35 44 48 58 61 70 72 74 85 86 87 98 99 101 102 103 104 105 106 107 108 109 110 111 113 114 115 126 128 130 142 145 156 160 170 175 184 190 
101 45
3 10 17 23 31 36 45 49 56 59 62 71 73 75 86 87 88 98 99 100 102 103 104 105 106 107 108 109 110 111 114 115 116 127 129 131 140 143 146 157 161 171 176 185 191 
102 47
4 11 18 24 32 37 42 46 50 57 60 63 72 74 76 87 88 89 98 99 100 101 103 104 105 106 107 108 109 110 111 115 116 117 128 130 132 141 144 147 154 158 162 172 177 186 192 
103 49
5 12 19 25 28 33 38 43 47 51 58 61 64 73 75 77 88 89 90 98 99 100 101 102 104 105 106 107 108 109 110 111 116 117 118 129 131 133 142 145 148 155 159 163 168 173 178 187 193 
104 51
6 13 14 20 26 29 34 39 44 48 52 59 62 65 74 76 78 89 90 91 98 99 100 101 102 103 105 106 107 108 109 110 111 117 118 119 130 132 134 143 146 149 156 160 164 169 174 179 182 188 194 
105 51
0 7 15 21 27 30 35 40 45 49 53 60 63 66 75 77 79 90 91 92 98 99 100 101 102 103 104 106 107 108 109 110 111 118 119 120 131 133 135 144 147 150 157 161 165 170 175 180 183 189 195 
106 49
1 8 16 22 31 36 41 46 50 54 61 64 67 76 78 80 91 92 93 98 99 100 101 102 103 104 105 107 108 109 110 111 119 120 121 132 134 136 145 148 151 158 162 166 171 176 181 184 190 
107 47
2 9 17 23 32 37 47 51 55 62 65 68 77 79 81 92 93 94 98 99 100 101 102 103 104 105 106 108 109 110 111 120 121 122 133 135 137 146 149 152 159 163 167 172 177 185 191 
108 45
3 10 18 24 33 38 48 52 63 66 69 78 80 82 93 94 95 98 99 100 101 102 103 104 105 106 107 109 110 111 121 122 123 134 136 138 147 150 153 160 164 173 178 186 192 
109 43
4 11 19 25 34 39 49 53 64 67 79 81 83 94 95 96 98 99 100 101 102 103 104 105 106 107 108 110 111 122 123 124 135 137 139 148 151 161 165 174 179 187 193 
110 41
5 12 20 26 35 40 50 54 65 68 80 82 95 96 97 98 99 100 101 102 103 104 105 106 107 108 109 111 123 124 125 136 138 149 152 162 166 175 180 188 194 
111 39
6 13 21 27 36 41 51 55 66 69 81 83 96 97 98 99 100 101 102 103 104 105 106 107 108 109 110 124 125 137 139 150 153 163 167 176 181 189 195 
112 39
0 8 14 21 28 34 42 47 56 60 70 73 84 86 98 99 113 114 115 116 117 118 119 120 121 122 123 124 125 126 127 140 142 154 157 168 172 182 187 
113 41
1 9 15 22 29 35 43 48 57 61 71 74 85 87 98 99 100 112 114 115 116 117 118 119 120 121 122 123 124 125 126 127 128 141 143 155 158 169 173 183 188 
114 43
2 10 16 23 30 36 44 49 58 62 72 75 84 86 88 99 100 101 112 113 115 116 117 118 119 120 121 122 123 124 125 127 128 129 140 142 144 156 159 170 174 184 189 
115 45
3 11 17 24 31 37 45 50 59 63 70 73 76 85 87 89 100 101 102 112 113 114 116 117 118 119 120 121 122 123 124 125 128 129 130 141 143 145 154 157 160 171 175 185 190 
116 47
4 12 18 25 32 38 46 51 56 60 64 71 74 77 86 88 90 101 102 103 112 113 114 115 117 118 119 120 121 122 123 124 125 129 130 131 142 144 146 155 158 161 168 172 176 186 191 
117 49
5 13 19 26 33 39 42 47 52 57 61 65 72 75 78 87 89 91 102 103 104 112 113 114 115 116 118 119 120 121 122 123 124 125 130 131 132 143 145 147 156 159 162 169 173 177 182 187 192 
118 49
6 20 27 28 34 40 43 48 53 58 62 66 73 76 79 88 90 92 103 104 105 112 113 114 115 116 117 119 120 121 122 123 124 125 131 132 133 144 146 148 157 160 163 170 174 178 183 188 193 
119 49
7 14 21 29 35 41 44 49 54 59 63 67 74 77 80 89 91 93 104 105 106 112 113 114 115 116 117 118 120 121 122 123 124 125 132 133 134 145 147 149 158 161 164 171 175 179 184 189 194 
120 49
0 8 15 22 30 36 45 50 55 60 64 68 75 78 81 90 92 94 105 106 107 112 113 114 115 116 117 118 119 121 122 123 124 125 133 134 135 146 148 150 159 162 165 172 176 180 185 190 195 
121 47
1 9 16 23 31 37 46 51 61 65 69 76 79 82 91 93 95 106 107 108 112 113 114 115 116 117 118 119 120 122 123 124 125 134 135 136 147 149 151 160 163 166 173 177 181 186 191 
122 45
2 10 17 24 32 38 47 52 62 66 77 80 83 92 94 96 107 108 109 112 113 114 115 116 117 118 119 120 121 123 124 125 135 136 137 148 150 152 161 164 167 174 178 187 192 
123 43
3 11 18 25 33 39 48 53 63 67 78 81 93 95 97 108 109 110 112 113 114 115 116 117 118 119 120 121 122 124 125 136 137 138 149 151 153 162 165 175 179 188 193 
124 41
4 12 19 26 34 40 49 54 64 68 79 82 94 96 109 110 111 112 113 114 115 116 117 118 119 120 121 122 123 125 137 138 139 150 152 163 166 176 180 189 194 
125 39
5 13 20 27 35 41 50 55 65 69 80 83 95 97 110 111 112 113 114 115 116 117 118 119 120 121 122 123 124 138 139 151 153 164 167 177 181 190 195 
126 39
0 9 14 22 28 35 42 48 56 61 70 74 84 87 98 100 112 113 127 128 129 130 131 132 133 134 135 136 137 138 139 140 141 154 156 168 171 182 186 
127 41
1 10 15 23 29 36 43 49 57 62 71 75 85 88 99 101 112 113 114 126 128 129 130 131 132 133 134 135 136 137 138 139 140 141 142 155 157 169 172 183 187 
128 43
2 11 16 24 30 37 44 50 58 63 72 76 86 89 98 100 102 113 114 115 126 127 129 130 131 132 133 134 135 136 137 138 139 141 142 143 154 156 158 170 173 184 188 
129 45
3 12 17 25 31 38 45 51 59 64 73 77 84 87 90 99 101 103 114 115 116 126 127 128 130 131 132 133 134 135 136 137 138 139 142 143 144 155 157 159 168 171 174 185 189 
130 47
4 13 18 26 32 39 46 52 60 65 70 74 78 85 88 91 100 102 104 115 116 117 126 127 128 129 131 132 133 134 135 136 137 138 139 143 144 145 156 158 160 169 172 175 182 186 190 
131 47
5 19 27 33 40 47 53 56 61 66 71 75 79 86 89 92 101 103 105 116 117 118 126 127 128 129 130 132 133 134 135 136 137 138 139 144 145 146 157 159 161 170 173 176 183 187 191 
132 47
6 20 34 41 42 48 54 57 62 67 72 76 80 87 90 93 102 104 106 117 118 119 126 127 128 129 130 131 133 134 135 136 137 138 139 145 146 147 158 160 162 171 174 177 184 188 192 
133 47
7 21 28 35 43 49 55 58 63 68 73 77 81 88 91 94 103 105 107 118 119 120 126 127 128 129 130 131 132 134 135 136 137 138 139 146 147 148 159 161 163 172 175 178 185 189 193 
134 47
8 14 22 29 36 44 50 59 64 69 74 78 82 89 92 95 104 106 108 119 120 121 126 127 128 129 130 131 132 133 135 136 137 138 139 147 148 149 160 162 164 173 176 179 186 190 194 
135 47
0 9 15 23 30 37 45 51 60 65 75 79 83 90 93 96 105 107 109 120 121 122 126 127 128 129 130 131 132 133 134 136 137 138 139 148 149 150 161 163 165 174 177 180 187 191 195 
136 45
1 10 16 24 31 38 46 52 61 66 76 80 91 94 97 106 108 110 121 122 123 126 127 128 129 130 131 132 133 134 135 137 138 139 149 150 151 162 164 166 175 178 181 188 192 
137 43
2 11 17 25 32 39 47 53 62 67 77 81 92 95 107 109 111 122 123 124 126 127 128 129 130 131 132 133 134 135 136 138 139 150 151 152 163 165 167 176 179 189 193 
138 41
3 12 18 26 33 40 48 54 63 68 78 82 93 96 108 110 123 124 125 126 127 128 129 130 131 132 133 134 135 136 137 139 151 152 153 164 166 177 180 190 194 
139 39
4 13 19 27 34 41 49 55 64 69 79 83 94 97 109 111 124 125 126 127 128 129 130 131 132 133 134 135 136 137 138 152 153 165 167 178 181 191 195 
140 39
0 10 14 23 28 36 42 49 56 62 70 75 84 88 98 101 112 114 126 127 141 142 143 144 145 146 147 148 149 150 151 152 153 154 155 168 170 182 185 
141 41
1 11 15 24 29 37 43 50 57 63 71 76 85 89 99 102 113 115 126 127 128 140 142 143 144 145 146 147 148 149 150 151 152 153 154 155 156 169 171 183 186 
142 43
2 12 16 25 30 38 44 51 58 64 72 77 86 90 100 103 112 114 116 127 128 129 140 141 143 144 145 146 147 148 149 150 151 152 153 155 156 157 168 170 172 184 187 
143 45
3 13 17 26 31 39 45 52 59 65 73 78 87 91 98 101 104 113 115 117 128 129 130 140 141 142 144 145 146 147 148 149 150 151 152 153 156 157 158 169 171 173 182 185 188 
144 45
4 18 27 32 40 46 53 60 66 74 79 84 88 92 99 102 105 114 116 118 129 130 131 140 141 142 143 145 146 147 148 149 150 151 152 153 157 158 159 170 172 174 183 186 189 
145 45
5 19 33 41 47 54 61 67 70 75 80 85 89 93 100 103 106 115 117 119 130 131 132 140 141 142 143 144 146 147 148 149 150 151 152 153 158 159 160 171 173 175 184 187 190 
146 45
6 20 34 48 55 56 62 68 71 76 81 86 90 94 101 104 107 116 118 120 131 132 133 140 141 142 143 144 145 147 148 149 150 151 152 153 159 160 161 172 174 176 185 188 191 
147 45
7 21 35 42 49 57 63 69 72 77 82 87 91 95 102 105 108 117 119 121 132 133 134 140 141 142 143 144 145 146 148 149 150 151 152 153 160 161 162 173 175 177 186 189 192 
148 45
8 22 28 36 43 50 58 64 73 78 83 88 92 96 103 106 109 118 120 122 133 134 135 140 141 142 143 144 145 146 147 149 150 151 152 153 161 162 163 174 176 178 187 190 193 
149 45
9 14 23 29 37 44 51 59 65 74 79 89 93 97 104 107 110 119 121 123 134 135 136 140 141 142 143 144 145 146 147 148 150 151 152 153 162 163 164 175 177 179 188 191 194 
150 45
0 10 15 24 30 38 45 52 60 66 75 80 90 94 105 108 111 120 122 124 135 136 137 140 141 142 143 144 145 146 147 148 149 151 152 153 163 164 165 176 178 180 189 192 195 
151 43
1 11 16 25 31 39 46 53 61 67 76 81 91 95 106 109 121 123 125 136 137 138 140 141 142 143 144 145 146 147 148 149 150 152 153 164 165 166 177 179 181 190 193 
152 41
2 12 17 26 32 40 47 54 62 68 77 82 92 96 107 110 122 124 137 138 139 140 141 142 143 144 145 146 147 148 149 150 151 153 165 166 167 178 180 191 194 
153 39
3 13 18 27 33 41 48 55 63 69 78 83 93 97 108 111 123 125 138 139 140 141 142 143 144 145 146 147 148 149 150 151 152 166 167 179 181 192 195 
154 39
0 11 14 24 28 37 42 50 56 63 70 76 84 89 98 102 112 115 126 128 140 141 155 156 157 158 159 160 161 162 163 164 165 166 167 168 169 182 184 
155 41
1 12 15 25 29 38 43 51 57 64 71 77 85 90 99 103 113 116 127 129 140 141 142 154 156 157 158 159 160 161 162 163 164 165 166 167 168 169 170 183 185 
156 43
2 13 16 26 30 39 44 52 58 65 72 78 86 91 100 104 114 117 126 128 130 141 142 143 154 155 157 158 159 160 161 162 163 164 165 166 167 169 170 171 182 184 186 
157 43
3 17 27 31 40 45 53 59 66 73 79 87 92 101 105 112 115 118 127 129 131 142 143 144 154 155 156 158 159 160 161 162 163 164 165 166 167 170 171 172 183 185 187 
158 43
4 18 32 41 46 54 60 67 74 80 88 93 98 102 106 113 116 119 128 130 132 143 144 145 154 155 156 157 159 160 161 162 163 164 165 166 167 171 172 173 184 186 188 
159 43
5 19 33 47 55 61 68 75 81 84 89 94 99 103 107 114 117 120 129 131 133 144 145 146 154 155 156 157 158 160 161 162 163 164 165 166 167 172 173 174 185 187 189 
160 43
6 20 34 48 62 69 70 76 82 85 90 95 100 104 108 115 118 121 130 132 134 145 146 147 154 155 156 157 158 159 161 162 163 164 165 166 167 173 174 175 186 188 190 
161 43
7 21 35 49 56 63 71 77 83 86 91 96 101 105 109 116 119 122 131 133 135 146 147 148 154 155 156 157 158 159 160 162 163 164 165 166 167 174 175 176 187 189 191 
162 43
8 22 36 42 50 57 64 72 78 87 92 97 102 106 110 117 120 123 132 134 136 147 148 149 154 155 156 157 158 159 160 161 163 164 165 166 167 175 176 177 188 190 192 
163 43
9 23 28 37 43 51 58 65 73 79 88 93 103 107 111 118 121 124 133 135 137 148 149 150 154 155 156 157 158 159 160 161 162 164 165 166 167 176 177 178 189 191 193 
164 43
10 14 24 29 38 44 52 59 66 74 80 89 94 104 108 119 122 125 134 136 138 149 150 151 154 155 156 157 158 159 160 161 162 163 165 166 167 177 178 179 190 192 194 
165 43
0 11 15 25 30 39 45 53 60 67 75 81 90 95 105 109 120 123 135 137 139 150 151 152 154 155 156 157 158 159 160 161 162 163 164 166 167 178 179 180 191 193 195 
166 41
1 12 16 26 31 40 46 54 61 68 76 82 91 96 106 110 121 124 136 138 151 152 153 154 155 156 157 158 159 160 161 162 163 164 165 167 179 180 181 192 194 
167 39
2 13 17 27 32 41 47 55 62 69 77 83 92 97 107 111 122 125 137 139 152 153 154 155 156 157 158 159 160 161 162 163 164 165 166 180 181 193 195 
168 39
0 12 14 25 28 38 42 51 56 64 70 77 84 90 98 103 112 116 126 129 140 142 154 155 169 170 171 172 173 174 175 176 177 178 179 180 181 182 183 
169 41
1 13 15 26 29 39 43 52 57 65 71 78 85 91 99 104 113 117 127 130 141 143 154 155 156 168 170 171 172 173 174 175 176 177 178 179 180 181 182 183 184 
170 41
2 16 27 30 40 44 53 58 66 72 79 86 92 100 105 114 118 128 131 140 142 144 155 156 157 168 169 171 172 173 174 175 176 177 178 179 180 181 183 184 185 
171 41
3 17 31 41 45 54 59 67 73 80 87 93 101 106 115 119 126 129 132 141 143 145 156 157 158 168 169 170 172 173 174 175 176 177 178 179 180 181 184 185 186 
172 41
4 18 32 46 55 60 68 74 81 88 94 102 107 112 116 120 127 130 133 142 144 146 157 158 159 168 169 170 171 173 174 175 176 177 178 179 180 181 185 186 187 
173 41
5 19 33 47 61 69 75 82 89 95 98 103 108 113 117 121 128 131 134 143 145 147 158 159 160 168 169 170 171 172 174 175 176 177 178 179 180 181 186 187 188 
174 41
6 20 34 48 62 76 83 84 90 96 99 104 109 114 118 122 129 132 135 144 146 148 159 160 161 168 169 170 171 172 173 175 176 177 178 179 180 181 187 188 189 
175 41
7 21 35 49 63 70 77 85 91 97 100 105 110 115 119 123 130 133 136 145 147 149 160 161 162 168 169 170 171 172 173 174 176 177 178 179 180 181 188 189 190 
176 41
8 22 36 50 56 64 71 78 86 92 101 106 111 116 120 124 131 134 137 146 148 150 161 162 163 168 169 170 171 172 173 174 175 177 178 179 180 181 189 190 191 
177 41
9 23 37 42 51 57 65 72 79 87 93 102 107 117 121 125 132 135 138 147 149 151 162 163 164 168 169 170 171 172 173 174 175 176 178 179 180 181 190 191 192 
178 41
10 24 28 38 43 52 58 66 73 80 88 94 103 108 118 122 133 136 139 148 150 152 163 164 165 168 169 170 171 172 173 174 175 176 177 179 180 181 191 192 193 
179 41
11 14 25 29 39 44 53 59 67 74 81 89 95 104 109 119 123 134 137 149 151 153 164 165 166 168 169 170 171 172 173 174 175 176 177 178 180 181 192 193 194 
180 41
0 12 15 26 30 40 45 54 60 68 75 82 90 96 105 110 120 124 135 138 150 152 165 166 167 168 169 170 171 172 173 174 175 176 177 178 179 181 193 194 195 
181 39
1 13 16 27 31 41 46 55 61 69 76 83 91 97 106 111 121 125 136 139 151 153 166 167 168 169 170 171 172 173 174 175 176 177 178 179 180 194 195 
182 39
0 13 14 26 28 39 42 52 56 65 70 78 84 91 98 104 112 117 126 130 140 143 154 156 168 169 183 184 185 186 187 188 189 190 191 192 193 194 195 
183 39
1 15 27 29 40 43 53 57 66 71 79 85 92 99 105 113 118 127 131 141 144 155 157 168 169 170 182 184 185 186 187 188 189 190 191 192 193 194 195 
184 39
2 16 30 41 44 54 58 67 72 80 86 93 100 106 114 119 128 132 142 145 154 156 158 169 170 171 182 183 185 186 187 188 189 190 191 192 193 194 195 
185 39
3 17 31 45 55 59 68 73 81 87 94 101 107 115 120 129 133 140 143 146 155 157 159 170 171 172 182 183 184 186 187 188 189 190 191 192 193 194 195 
186 39
4 18 32 46 60 69 74 82 88 95 102 108 116 121 126 130 134 141 144 147 156 158 160 171 172 173 182 183 184 185 187 188 189 190 191 192 193 194 195 
187 39
5 19 33 47 61 75 83 89 96 103 109 112 117 122 127 131 135 142 145 148 157 159 161 172 173 174 182 183 184 185 186 188 189 190 191 192 193 194 195 
188 39
6 20 34 48 62 76 90 97 98 104 110 113 118 123 128 132 136 143 146 149 158 160 162 173 174 175 182 183 184 185 186 187 189 190 191 192 193 194 195 
189 39
7 21 35 49 63 77 84 91 99 105 111 114 119 124 129 133 137 144 147 150 159 161 163 174 175 176 182 183 184 185 186 187 188 190 191 192 193 194 195 
190 39
8 22 36 50 64 70 78 85 92 100 106 115 120 125 130 134 138 145 148 151 160 162 164 175 176 177 182 183 184 185 186 187 188 189 191 192 193 194 195 
191 39
9 23 37 51 56 65 71 79 86 93 101 107 116 121 131 135 139 146 149 152 161 163 165 176 177 178 182 183 184 185 186 187 188 189 190 192 193 194 195 
192 39
10 24 38 42 52 57 66 72 80 87 94 102 108 117 122 132 136 147 150 153 162 164 166 177 178 179 182 183 184 185 186 187 188 189 190 191 193 194 195 
193 39
11 25 28 39 43 53 58 67 73 81 88 95 103 109 118 123 133 137 148 151 163 165 167 178 179 180 182 183 184 185 186 187 188 189 190 191 192 194 195 
194 39
12 14 26 29 40 44 54 59 68 74 82 89 96 104 110 119 124 134 138 149 152 164 166 179 180 181 182 183 184 185 186 187 188 189 190 191 192 193 195 
195 39
0 13 15 27 30 41 45 55 60 69 75 83 90 97 105 111 120 125 135 139 150 153 165 167 180 181 182 183 184 185 186 187 188 189 190 191 192 193 194 
