225

0 42
1 2 3 4 5 6 7 8 9 10 11 12 13 14 15 16 30 32 45 48 60 64 75 80 90 96 105 112 120 128 135 144 150 160 165 176 180 192 195 208 210 224 
1 42
0 2 3 4 5 6 7 8 9 10 11 12 13 14 15 16 17 31 33 46 49 61 65 76 81 91 97 106 113 121 129 136 145 151 161 166 177 181 193 196 209 211 
2 42
0 1 3 4 5 6 7 8 9 10 11 12 13 14 16 17 18 30 32 34 47 50 62 66 77 82 92 98 107 114 122 130 137 146 152 162 167 178 182 194 197 212 
3 42
0 1 2 4 5 6 7 8 9 10 11 12 13 14 17 18 19 31 33 35 45 48 51 63 67 78 83 93 99 108 115 123 131 138 147 153 163 168 179 183 198 213 
4 42
0 1 2 3 5 6 7 8 9 10 11 12 13 14 18 19 20 32 34 36 46 49 52 60 64 68 79 84 94 100 109 116 124 132 139 148 154 164 169 184 199 214 
5 42
0 1 2 3 4 6 7 8 9 10 11 12 13 14 19 20 21 33 35 37 47 50 53 61 65 69 75 80 85 95 101 110 117 125 133 140 149 155 170 185 200 215 
6 42
0 1 2 3 4 5 7 8 9 10 11 12 13 14 20 21 22 34 36 38 48 51 54 62 66 70 76 81 86 90 96 102 111 118 126 134 141 156 171 186 201 216 
7 42
0 1 2 3 4 5 6 8 9 10 11 12 13 14 21 22 23 35 37 39 49 52 55 63 67 71 77 82 87 91 97 103 105 112 119 127 142 157 172 187 202 217 
8 42
0 1 2 3 4 5 6 7 9 10 11 12 13 14 22 23 24 36 38 40 50 53 56 64 68 72 78 83 88 92 98 104 106 113 120 128 143 158 173 188 203 218 
9 42
0 1 2 3 4 5 6 7 8 10 11 12 13 14 23 24 25 37 39 41 51 54 57 65 69 73 79 84 89 93 99 107 114 121 129 135 144 159 174 189 204 219 
10 42
0 1 2 3 4 5 6 7 8 9 11 12 13 14 24 25 26 38 40 42 52 55 58 66 70 74 80 85 94 100 108 115 122 130 136 145 150 160 175 190 205 220 
11 42
0 1 2 3 4 5 6 7 8 9 10 12 13 14 25 26 27 39 41 43 53 56 59 67 71 81 86 95 101 109 116 123 131 137 146 151 161 165 176 191 206 221 
12 42
0 1 2 3 4 5 6 7 8 9 10 11 13 14 26 27 28 40 42 44 54 57 68 72 82 87 96 102 110 117 124 132 138 147 152 162 166 177 180 192 207 222 
13 42
0 1 2 3 4 5 6 7 8 9 10 11 12 14 27 28 29 41 43 55 58 69 73 83 88 97 103 111 118 125 133 139 148 153 163 167 178 181 193 195 208 223 
14 42
0 1 2 3 4 5 6 7 8 9 10 11 12 13 28 29 42 44 56 59 70 74 84 89 98 104 112 119 126 134 140 149 154 164 168 179 182 194 196 209 210 224 
15 42
0 1 16 17 18 19 20 21 22 23 24 25 26 27 28 29 30 31 45 47 60 63 75 79 90 95 105 111 120 127 135 143 150 159 165 175 180 191 195 207 210 223 
16 44
0 1 2 15 17 18 19 20 21 22 23 24 25 26 27 28 29 30 31 32 46 48 61 64 76 80 91 96 106 112 121 128 136 144 151 160 166 176 181 192 196 208 211 224 
17 44
1 2 3 15 16 18 19 20 21 22 23 24 25 26 27 28 29 31 32 33 45 47 49 62 65 77 81 92 97 107 113 122 129 137 145 152 161 167 177 182 193 197 209 212 
18 44
2 3 4 15 16 17 19 20 21 22 23 24 25 26 27 28 29 32 33 34 46 48 50 60 63 66 78 82 93 98 108 114 123 130 138 146 153 162 168 178 183 194 198 213 
19 44
3 4 5 15 16 17 18 20 21 22 23 24 25 26 27 28 29 33 34 35 47 49 51 61 64 67 75 79 83 94 99 109 115 124 131 139 147 154 163 169 179 184 199 214 
20 44
4 5 6 15 16 17 18 19 21 22 23 24 25 26 27 28 29 34 35 36 48 50 52 62 65 68 76 80 84 90 95 100 110 116 125 132 140 148 155 164 170 185 200 215 
21 44
5 6 7 15 16 17 18 19 20 22 23 24 25 26 27 28 29 35 36 37 49 51 53 63 66 69 77 81 85 91 96 101 105 111 117 126 133 141 149 156 171 186 201 216 
22 44
6 7 8 15 16 17 18 19 20 21 23 24 25 26 27 28 29 36 37 38 50 52 54 64 67 70 78 82 86 92 97 102 106 112 118 120 127 134 142 157 172 187 202 217 
23 44
7 8 9 15 16 17 18 19 20 21 22 24 25 26 27 28 29 37 38 39 51 53 55 65 68 71 79 83 87 93 98 103 107 113 119 121 128 135 143 158 173 188 203 218 
24 44
8 9 10 15 16 17 18 19 20 21 22 23 25 26 27 28 29 38 39 40 52 54 56 66 69 72 80 84 88 94 99 104 108 114 122 129 136 144 150 159 174 189 204 219 
25 44
9 10 11 15 16 17 18 19 20 21 22 23 24 26 27 28 29 39 40 41 53 55 57 67 70 73 81 85 89 95 100 109 115 123 130 137 145 151 160 165 175 190 205 220 
26 44
10 11 12 15 16 17 18 19 20 21 22 23 24 25 27 28 29 40 41 42 54 56 58 68 71 74 82 86 96 101 110 116 124 131 138 146 152 161 166 176 180 191 206 221 
27 44
11 12 13 15 16 17 18 19 20 21 22 23 24 25 26 28 29 41 42 43 55 57 59 69 72 83 87 97 102 111 117 125 132 139 147 153 162 167 177 181 192 195 207 222 
28 44
12 13 14 15 16 17 18 19 20 21 22 23 24 25 26 27 29 42 43 44 56 58 70 73 84 88 98 103 112 118 126 133 140 148 154 163 168 178 182 193 196 208 210 223 
29 42
13 14 15 16 17 18 19 20 21 22 23 24 25 26 27 28 43 44 57 59 71 74 85 89 99 104 113 119 127 134 141 149 155 164 169 179 183 194 197 209 211 224 
30 42
0 2 15 16 31 32 33 34 35 36 37 38 39 40 41 42 43 44 45 46 60 62 75 78 90 94 105 110 120 126 135 142 150 158 165 174 180 190 195 206 210 222 
31 44
1 3 15 16 17 30 32 33 34 35 36 37 38 39 40 41 42 43 44 45 46 47 61 63 76 79 91 95 106 111 121 127 136 143 151 159 166 175 181 191 196 207 211 223 
32 46
0 2 4 16 17 18 30 31 33 34 35 36 37 38 39 40 41 42 43 44 46 47 48 60 62 64 77 80 92 96 107 112 122 128 137 144 152 160 167 176 182 192 197 208 212 224 
33 46
1 3 5 17 18 19 30 31 32 34 35 36 37 38 39 40 41 42 43 44 47 48 49 61 63 65 75 78 81 93 97 108 113 123 129 138 145 153 161 168 177 183 193 198 209 213 
34 46
2 4 6 18 19 20 30 31 32 33 35 36 37 38 39 40 41 42 43 44 48 49 50 62 64 66 76 79 82 90 94 98 109 114 124 130 139 146 154 162 169 178 184 194 199 214 
35 46
3 5 7 19 20 21 30 31 32 33 34 36 37 38 39 40 41 42 43 44 49 50 51 63 65 67 77 80 83 91 95 99 105 110 115 125 131 140 147 155 163 170 179 185 200 215 
36 46
4 6 8 20 21 22 30 31 32 33 34 35 37 38 39 40 41 42 43 44 50 51 52 64 66 68 78 81 84 92 96 100 106 111 116 120 126 132 141 148 156 164 171 186 201 216 
37 46
5 7 9 21 22 23 30 31 32 33 34 35 36 38 39 40 41 42 43 44 51 52 53 65 67 69 79 82 85 93 97 101 107 112 117 121 127 133 135 142 149 157 172 187 202 217 
38 46
6 8 10 22 23 24 30 31 32 33 34 35 36 37 39 40 41 42 43 44 52 53 54 66 68 70 80 83 86 94 98 102 108 113 118 122 128 134 136 143 150 158 173 188 203 218 
39 46
7 9 11 23 24 25 30 31 32 33 34 35 36 37 38 40 41 42 43 44 53 54 55 67 69 71 81 84 87 95 99 103 109 114 119 123 129 137 144 151 159 165 174 189 204 219 
40 46
8 10 12 24 25 26 30 31 32 33 34 35 36 37 38 39 41 42 43 44 54 55 56 68 70 72 82 85 88 96 100 104 110 115 124 130 138 145 152 160 166 175 180 190 205 220 
41 46
9 11 13 25 26 27 30 31 32 33 34 35 36 37 38 39 40 42 43 44 55 56 57 69 71 73 83 86 89 97 101 111 116 125 131 139 146 153 161 167 176 181 191 195 206 221 
42 46
10 12 14 26 27 28 30 31 32 33 34 35 36 37 38 39 40 41 43 44 56 57 58 70 72 74 84 87 98 102 112 117 126 132 140 147 154 162 168 177 182 192 196 207 210 222 
43 44
11 13 27 28 29 30 31 32 33 34 35 36 37 38 39 40 41 42 44 57 58 59 71 73 85 88 99 103 113 118 127 133 141 148 155 163 169 178 183 193 197 208 211 223 
44 42
12 14 28 29 30 31 32 33 34 35 36 37 38 39 40 41 42 43 58 59 72 74 86 89 100 104 114 119 128 134 142 149 156 164 170 179 184 194 198 209 212 224 
45 42
0 3 15 17 30 31 46 47 48 49 50 51 52 53 54 55 56 57 58 59 60 61 75 77 90 93 105 109 120 125 135 141 150 157 165 173 180 189 195 205 210 221 
46 44
1 4 16 18 30 31 32 45 47 48 49 50 51 52 53 54 55 56 57 58 59 60 61 62 76 78 91 94 106 110 121 126 136 142 151 158 166 174 181 190 196 206 211 222 
47 46
2 5 15 17 19 31 32 33 45 46 48 49 50 51 52 53 54 55 56 57 58 59 61 62 63 75 77 79 92 95 107 111 122 127 137 143 152 159 167 175 182 191 197 207 212 223 
48 48
0 3 6 16 18 20 32 33 34 45 46 47 49 50 51 52 53 54 55 56 57 58 59 62 63 64 76 78 80 90 93 96 108 112 123 128 138 144 153 160 168 176 183 192 198 208 213 224 
49 48
1 4 7 17 19 21 33 34 35 45 46 47 48 50 51 52 53 54 55 56 57 58 59 63 64 65 77 79 81 91 94 97 105 109 113 124 129 139 145 154 161 169 177 184 193 199 209 214 
50 48
2 5 8 18 20 22 34 35 36 45 46 47 48 49 51 52 53 54 55 56 57 58 59 64 65 66 78 80 82 92 95 98 106 110 114 120 125 130 140 146 155 162 170 178 185 194 200 215 
51 48
3 6 9 19 21 23 35 36 37 45 46 47 48 49 50 52 53 54 55 56 57 58 59 65 66 67 79 81 83 93 96 99 107 111 115 121 126 131 135 141 147 156 163 171 179 186 201 216 
52 48
4 7 10 20 22 24 36 37 38 45 46 47 48 49 50 51 53 54 55 56 57 58 59 66 67 68 80 82 84 94 97 100 108 112 116 122 127 132 136 142 148 150 157 164 172 187 202 217 
53 48
5 8 11 21 23 25 37 38 39 45 46 47 48 49 50 51 52 54 55 56 57 58 59 67 68 69 81 83 85 95 98 101 109 113 117 123 128 133 137 143 149 151 158 165 173 188 203 218 
54 48
6 9 12 22 24 26 38 39 40 45 46 47 48 49 50 51 52 53 55 56 57 58 59 68 69 70 82 84 86 96 99 102 110 114 118 124 129 134 138 144 152 159 166 174 180 189 204 219 
55 48
7 10 13 23 25 27 39 40 41 45 46 47 48 49 50 51 52 53 54 56 57 58 59 69 70 71 83 85 87 97 100 103 111 115 119 125 130 139 145 153 160 167 175 181 190 195 205 220 
56 48
8 11 14 24 26 28 40 41 42 45 46 47 48 49 50 51 52 53 54 55 57 58 59 70 71 72 84 86 88 98 101 104 112 116 126 131 140 146 154 161 168 176 182 191 196 206 210 221 
57 46
9 12 25 27 29 41 42 43 45 46 47 48 49 50 51 52 53 54 55 56 58 59 71 72 73 85 87 89 99 102 113 117 127 132 141 147 155 162 169 177 183 192 197 207 211 222 
58 44
10 13 26 28 42 43 44 45 46 47 48 49 50 51 52 53 54 55 56 57 59 72 73 74 86 88 100 103 114 118 128 133 142 148 156 163 170 178 184 193 198 208 212 223 
59 42
11 14 27 29 43 44 45 46 47 48 49 50 51 52 53 54 55 56 57 58 73 74 87 89 101 104 115 119 129 134 143 149 157 164 171 179 185 194 199 209 213 224 
60 42
0 4 15 18 30 32 45 46 61 62 63 64 65 66 67 68 69 70 71 72 73 74 75 76 90 92 105 108 120 124 135 140 150 156 165 172 180 188 195 204 210 220 
61 44
1 5 16 19 31 33 45 46 47 60 62 63 64 65 66 67 68 69 70 71 72 73 74 75 76 77 91 93 106 109 121 125 136 141 151 157 166 173 181 189 196 205 211 221 
62 46
2 6 17 20 30 32 34 46 47 48 60 61 63 64 65 66 67 68 69 70 71 72 73 74 76 77 78 90 92 94 107 110 122 126 137 142 152 158 167 174 182 190 197 206 212 222 
63 48
3 7 15 18 21 31 33 35 47 48 49 60 61 62 64 65 66 67 68 69 70 71 72 73 74 77 78 79 91 93 95 105 108 111 123 127 138 143 153 159 168 175 183 191 198 207 213 223 
64 50
0 4 8 16 19 22 32 34 36 48 49 50 60 61 62 63 65 66 67 68 69 70 71 72 73 74 78 79 80 92 94 96 106 109 112 120 124 128 139 144 154 160 169 176 184 192 199 208 214 224 
65 50
1 5 9 17 20 23 33 35 37 49 50 51 60 61 62 63 64 66 67 68 69 70 71 72 73 74 79 80 81 93 95 97 107 110 113 121 125 129 135 140 145 155 161 170 177 185 193 200 209 215 
66 50
2 6 10 18 21 24 34 36 38 50 51 52 60 61 62 63 64 65 67 68 69 70 71 72 73 74 80 81 82 94 96 98 108 111 114 122 126 130 136 141 146 150 156 162 171 178 186 194 201 216 
67 50
3 7 11 19 22 25 35 37 39 51 52 53 60 61 62 63 64 65 66 68 69 70 71 72 73 74 81 82 83 95 97 99 109 112 115 123 127 131 137 142 147 151 157 163 165 172 179 187 202 217 
68 50
4 8 12 20 23 26 36 38 40 52 53 54 60 61 62 63 64 65 66 67 69 70 71 72 73 74 82 83 84 96 98 100 110 113 116 124 128 132 138 143 148 152 158 164 166 173 180 188 203 218 
69 50
5 9 13 21 24 27 37 39 41 53 54 55 60 61 62 63 64 65 66 67 68 70 71 72 73 74 83 84 85 97 99 101 111 114 117 125 129 133 139 144 149 153 159 167 174 181 189 195 204 219 
70 50
6 10 14 22 25 28 38 40 42 54 55 56 60 61 62 63 64 65 66 67 68 69 71 72 73 74 84 85 86 98 100 102 112 115 118 126 130 134 140 145 154 160 168 175 182 190 196 205 210 220 
71 48
7 11 23 26 29 39 41 43 55 56 57 60 61 62 63 64 65 66 67 68 69 70 72 73 74 85 86 87 99 101 103 113 116 119 127 131 141 146 155 161 169 176 183 191 197 206 211 221 
72 46
8 12 24 27 40 42 44 56 57 58 60 61 62 63 64 65 66 67 68 69 70 71 73 74 86 87 88 100 102 104 114 117 128 132 142 147 156 162 170 177 184 192 198 207 212 222 
73 44
9 13 25 28 41 43 57 58 59 60 61 62 63 64 65 66 67 68 69 70 71 72 74 87 88 89 101 103 115 118 129 133 143 148 157 163 171 178 185 193 199 208 213 223 
74 42
10 14 26 29 42 44 58 59 60 61 62 63 64 65 66 67 68 69 70 71 72 73 88 89 102 104 116 119 130 134 144 149 158 164 172 179 186 194 200 209 214 224 
75 42
0 5 15 19 30 33 45 47 60 61 76 77 78 79 80 81 82 83 84 85 86 87 88 89 90 91 105 107 120 123 135 139 150 155 165 171 180 187 195 203 210 219 
76 44
1 6 16 20 31 34 46 48 60 61 62 75 77 78 79 80 81 82 83 84 85 86 87 88 89 90 91 92 106 108 121 124 136 140 151 156 166 172 181 188 196 204 211 220 
77 46
2 7 17 21 32 35 45 47 49 61 62 63 75 76 78 79 80 81 82 83 84 85 86 87 88 89 91 92 93 105 107 109 122 125 137 141 152 157 167 173 182 189 197 205 212 221 
78 48
3 8 18 22 30 33 36 46 48 50 62 63 64 75 76 77 79 80 81 82 83 84 85 86 87 88 89 92 93 94 106 108 110 120 123 126 138 142 153 158 168 174 183 190 198 206 213 222 
79 50
4 9 15 19 23 31 34 37 47 49 51 63 64 65 75 76 77 78 80 81 82 83 84 85 86 87 88 89 93 94 95 107 109 111 121 124 127 135 139 143 154 159 169 175 184 191 199 207 214 223 
80 52
0 5 10 16 20 24 32 35 38 48 50 52 64 65 66 75 76 77 78 79 81 82 83 84 85 86 87 88 89 94 95 96 108 110 112 122 125 128 136 140 144 150 155 160 170 176 185 192 200 208 215 224 
81 52
1 6 11 17 21 25 33 36 39 49 51 53 65 66 67 75 76 77 78 79 80 82 83 84 85 86 87 88 89 95 96 97 109 111 113 123 126 129 137 141 145 151 156 161 165 171 177 186 193 201 209 216 
82 52
2 7 12 18 22 26 34 37 40 50 52 54 66 67 68 75 76 77 78 79 80 81 83 84 85 86 87 88 89 96 97 98 110 112 114 124 127 130 138 142 146 152 157 162 166 172 178 180 187 194 202 217 
83 52
3 8 13 19 23 27 35 38 41 51 53 55 67 68 69 75 76 77 78 79 80 81 82 84 85 86 87 88 89 97 98 99 111 113 115 125 128 131 139 143 147 153 158 163 167 173 179 181 188 195 203 218 
84 52
4 9 14 20 24 28 36 39 42 52 54 56 68 69 70 75 76 77 78 79 80 81 82 83 85 86 87 88 89 98 99 100 112 114 116 126 129 132 140 144 148 154 159 164 168 174 182 189 196 204 210 219 
85 50
5 10 21 25 29 37 40 43 53 55 57 69 70 71 75 76 77 78 79 80 81 82 83 84 86 87 88 89 99 100 101 113 115 117 127 130 133 141 145 149 155 160 169 175 183 190 197 205 211 220 
86 48
6 11 22 26 38 41 44 54 56 58 70 71 72 75 76 77 78 79 80 81 82 83 84 85 87 88 89 100 101 102 114 116 118 128 131 134 142 146 156 161 170 176 184 191 198 206 212 221 
87 46
7 12 23 27 39 42 55 57 59 71 72 73 75 76 77 78 79 80 81 82 83 84 85 86 88 89 101 102 103 115 117 119 129 132 143 147 157 162 171 177 185 192 199 207 213 222 
88 44
8 13 24 28 40 43 56 58 72 73 74 75 76 77 78 79 80 81 82 83 84 85 86 87 89 102 103 104 116 118 130 133 144 148 158 163 172 178 186 193 200 208 214 223 
89 42
9 14 25 29 41 44 57 59 73 74 75 76 77 78 79 80 81 82 83 84 85 86 87 88 103 104 117 119 131 134 145 149 159 164 173 179 187 194 201 209 215 224 
90 42
0 6 15 20 30 34 45 48 60 62 75 76 91 92 93 94 95 96 97 98 99 100 101 102 103 104 105 106 120 122 135 138 150 154 165 170 180 186 195 202 210 218 
91 44
1 7 16 21 31 35 46 49 61 63 75 76 77 90 92 93 94 95 96 97 98 99 100 101 102 103 104 105 106 107 121 123 136 139 151 155 166 171 181 187 196 203 211 219 
92 46
2 8 17 22 32 36 47 50 60 62 64 76 77 78 90 91 93 94 95 96 97 98 99 100 101 102 103 104 106 107 108 120 122 124 137 140 152 156 167 172 182 188 197 204 212 220 
93 48
3 9 18 23 33 37 45 48 51 61 63 65 77 78 79 90 91 92 94 95 96 97 98 99 100 101 102 103 104 107 108 109 121 123 125 135 138 141 153 157 168 173 183 189 198 205 213 221 
94 50
4 10 19 24 30 34 38 46 49 52 62 64 66 78 79 80 90 91 92 93 95 96 97 98 99 100 101 102 103 104 108 109 110 122 124 126 136 139 142 150 154 158 169 174 184 190 199 206 214 222 
95 52
5 11 15 20 25 31 35 39 47 50 53 63 65 67 79 80 81 90 91 92 93 94 96 97 98 99 100 101 102 103 104 109 110 111 123 125 127 137 140 143 151 155 159 165 170 175 185 191 200 207 215 223 
96 54
0 6 12 16 21 26 32 36 40 48 51 54 64 66 68 80 81 82 90 91 92 93 94 95 97 98 99 100 101 102 103 104 110 111 112 124 126 128 138 141 144 152 156 160 166 171 176 180 186 192 201 208 216 224 
97 54
1 7 13 17 22 27 33 37 41 49 52 55 65 67 69 81 82 83 90 91 92 93 94 95 96 98 99 100 101 102 103 104 111 112 113 125 127 129 139 142 145 153 157 161 167 172 177 181 187 193 195 202 209 217 
98 54
2 8 14 18 23 28 34 38 42 50 53 56 66 68 70 82 83 84 90 91 92 93 94 95 96 97 99 100 101 102 103 104 112 113 114 126 128 130 140 143 146 154 158 162 168 173 178 182 188 194 196 203 210 218 
99 52
3 9 19 24 29 35 39 43 51 54 57 67 69 71 83 84 85 90 91 92 93 94 95 96 97 98 100 101 102 103 104 113 114 115 127 129 131 141 144 147 155 159 163 169 174 179 183 189 197 204 211 219 
100 50
4 10 20 25 36 40 44 52 55 58 68 70 72 84 85 86 90 91 92 93 94 95 96 97 98 99 101 102 103 104 114 115 116 128 130 132 142 145 148 156 160 164 170 175 184 190 198 205 212 220 
101 48
5 11 21 26 37 41 53 56 59 69 71 73 85 86 87 90 91 92 93 94 95 96 97 98 99 100 102 103 104 115 116 117 129 131 133 143 146 149 157 161 171 176 185 191 199 206 213 221 
102 46
6 12 22 27 38 42 54 57 70 72 74 86 87 88 90 91 92 93 94 95 96 97 98 99 100 101 103 104 116 117 118 130 132 134 144 147 158 162 172 177 186 192 200 207 214 222 
103 44
7 13 23 28 39 43 55 58 71 73 87 88 89 90 91 92 93 94 95 96 97 98 99 100 101 102 104 117 118 119 131 133 145 148 159 163 173 178 187 193 201 208 215 223 
104 42
8 14 24 29 40 44 56 59 72 74 88 89 90 91 92 93 94 95 96 97 98 99 100 101 102 103 118 119 132 134 146 149 160 164 174 179 188 194 202 209 216 224 
105 42
0 7 15 21 30 35 45 49 60 63 75 77 90 91 106 107 108 109 110 111 112 113 114 115 116 117 118 119 120 121 135 137 150 153 165 169 180 185 195 201 210 217 
106 44
1 8 16 22 31 36 46 50 61 64 76 78 90 91 92 105 107 108 109 110 111 112 113 114 115 116 117 118 119 120 121 122 136 138 151 154 166 170 181 186 196 202 211 218 
107 46
2 9 17 23 32 37 47 51 62 65 75 77 79 91 92 93 105 106 108 109 110 111 112 113 114 115 116 117 118 119 121 122 123 135 137 139 152 155 167 171 182 187 197 203 212 219 
108 48
3 10 18 24 33 38 48 52 60 63 66 76 78 80 92 93 94 105 106 107 109 110 111 112 113 114 115 116 117 118 119 122 123 124 136 138 140 150 153 156 168 172 183 188 198 204 213 220 
109 50
4 11 19 25 34 39 45 49 53 61 64 67 77 79 81 93 94 95 105 106 107 108 110 111 112 113 114 115 116 117 118 119 123 124 125 137 139 141 151 154 157 165 169 173 184 189 199 205 214 221 
110 52
5 12 20 26 30 35 40 46 50 54 62 65 68 78 80 82 94 95 96 105 106 107 108 109 111 112 113 114 115 116 117 118 119 124 125 126 138 140 142 152 155 158 166 170 174 180 185 190 200 206 215 222 
111 54
6 13 15 21 27 31 36 41 47 51 55 63 66 69 79 81 83 95 96 97 105 106 107 108 109 110 112 113 114 115 116 117 118 119 125 126 127 139 141 143 153 156 159 167 171 175 181 186 191 195 201 207 216 223 
112 56
0 7 14 16 22 28 32 37 42 48 52 56 64 67 70 80 82 84 96 97 98 105 106 107 108 109 110 111 113 114 115 116 117 118 119 126 127 128 140 142 144 154 157 160 168 172 176 182 187 192 196 202 208 210 217 224 
113 54
1 8 17 23 29 33 38 43 49 53 57 65 68 71 81 83 85 97 98 99 105 106 107 108 109 110 111 112 114 115 116 117 118 119 127 128 129 141 143 145 155 158 161 169 173 177 183 188 193 197 203 209 211 218 
114 52
2 9 18 24 34 39 44 50 54 58 66 69 72 82 84 86 98 99 100 105 106 107 108 109 110 111 112 113 115 116 117 118 119 128 129 130 142 144 146 156 159 162 170 174 178 184 189 194 198 204 212 219 
115 50
3 10 19 25 35 40 51 55 59 67 70 73 83 85 87 99 100 101 105 106 107 108 109 110 111 112 113 114 116 117 118 119 129 130 131 143 145 147 157 160 163 171 175 179 185 190 199 205 213 220 
116 48
4 11 20 26 36 41 52 56 68 71 74 84 86 88 100 101 102 105 106 107 108 109 110 111 112 113 114 115 117 118 119 130 131 132 144 146 148 158 161 164 172 176 186 191 200 206 214 221 
117 46
5 12 21 27 37 42 53 57 69 72 85 87 89 101 102 103 105 106 107 108 109 110 111 112 113 114 115 116 118 119 131 132 133 145 147 149 159 162 173 177 187 192 201 207 215 222 
118 44
6 13 22 28 38 43 54 58 70 73 86 88 102 103 104 105 106 107 108 109 110 111 112 113 114 115 116 117 119 132 133 134 146 148 160 163 174 178 188 193 202 208 216 223 
119 42
7 14 23 29 39 44 55 59 71 74 87 89 103 104 105 106 107 108 109 110 111 112 113 114 115 116 117 118 133 134 147 149 161 164 175 179 189 194 203 209 217 224 
120 42
0 8 15 22 30 36 45 50 60 64 75 78 90 92 105 106 121 122 123 124 125 126 127 128 129 130 131 132 133 134 135 136 150 152 165 168 180 184 195 200 210 216 
121 44
1 9 16 23 31 37 46 51 61 65 76 79 91 93 105 106 107 120 122 123 124 125 126 127 128 129 130 131 132 133 134 135 136 137 151 153 166 169 181 185 196 201 211 217 
122 46
2 10 17 24 32 38 47 52 62 66 77 80 90 92 94 106 107 108 120 121 123 124 125 126 127 128 129 130 131 132 133 134 136 137 138 150 152 154 167 170 182 186 197 202 212 218 
123 48
3 11 18 25 33 39 48 53 63 67 75 78 81 91 93 95 107 108 109 120 121 122 124 125 126 127 128 129 130 131 132 133 134 137 138 139 151 153 155 165 168 171 183 187 198 203 213 219 
124 50
4 12 19 26 34 40 49 54 60 64 68 76 79 82 92 94 96 108 109 110 120 121 122 123 125 126 127 128 129 130 131 132 133 134 138 139 140 152 154 156 166 169 172 180 184 188 199 204 214 220 
125 52
5 13 20 27 35 41 45 50 55 61 65 69 77 80 83 93 95 97 109 110 111 120 121 122 123 124 126 127 128 129 130 131 132 133 134 139 140 141 153 155 157 167 170 173 181 185 189 195 200 205 215 221 
126 54
6 14 21 28 30 36 42 46 51 56 62 66 70 78 81 84 94 96 98 110 111 112 120 121 122 123 124 125 127 128 129 130 131 132 133 134 140 141 142 154 156 158 168 171 174 182 186 190 196 201 206 210 216 222 
127 54
7 15 22 29 31 37 43 47 52 57 63 67 71 79 82 85 95 97 99 111 112 113 120 121 122 123 124 125 126 128 129 130 131 132 133 134 141 142 143 155 157 159 169 172 175 183 187 191 197 202 207 211 217 223 
128 54
0 8 16 23 32 38 44 48 53 58 64 68 72 80 83 86 96 98 100 112 113 114 120 121 122 123 124 125 126 127 129 130 131 132 133 134 142 143 144 156 158 160 170 173 176 184 188 192 198 203 208 212 218 224 
129 52
1 9 17 24 33 39 49 54 59 65 69 73 81 84 87 97 99 101 113 114 115 120 121 122 123 124 125 126 127 128 130 131 132 133 134 143 144 145 157 159 161 171 174 177 185 189 193 199 204 209 213 219 
130 50
2 10 18 25 34 40 50 55 66 70 74 82 85 88 98 100 102 114 115 116 120 121 122 123 124 125 126 127 128 129 131 132 133 134 144 145 146 158 160 162 172 175 178 186 190 194 200 205 214 220 
131 48
3 11 19 26 35 41 51 56 67 71 83 86 89 99 101 103 115 116 117 120 121 122 123 124 125 126 127 128 129 130 132 133 134 145 146 147 159 161 163 173 176 179 187 191 201 206 215 221 
132 46
4 12 20 27 36 42 52 57 68 72 84 87 100 102 104 116 117 118 120 121 122 123 124 125 126 127 128 129 130 131 133 134 146 147 148 160 162 164 174 177 188 192 202 207 216 222 
133 44
5 13 21 28 37 43 53 58 69 73 85 88 101 103 117 118 119 120 121 122 123 124 125 126 127 128 129 130 131 132 134 147 148 149 161 163 175 178 189 193 203 208 217 223 
134 42
6 14 22 29 38 44 54 59 70 74 86 89 102 104 118 119 120 121 122 123 124 125 126 127 128 129 130 131 132 133 148 149 162 164 176 179 190 194 204 209 218 224 
135 42
0 9 15 23 30 37 45 51 60 65 75 79 90 93 105 107 120 121 136 137 138 139 140 141 142 143 144 145 146 147 148 149 150 151 165 167 180 183 195 199 210 215 
136 44
1 10 16 24 31 38 46 52 61 66 76 80 91 94 106 108 120 121 122 135 137 138 139 140 141 142 143 144 145 146 147 148 149 150 151 152 166 168 181 184 196 200 211 216 
137 46
2 11 17 25 32 39 47 53 62 67 77 81 92 95 105 107 109 121 122 123 135 136 138 139 140 141 142 143 144 145 146 147 148 149 151 152 153 165 167 169 182 185 197 201 212 217 
138 48
3 12 18 26 33 40 48 54 63 68 78 82 90 93 96 106 108 110 122 123 124 135 136 137 139 140 141 142 143 144 145 146 147 148 149 152 153 154 166 168 170 180 183 186 198 202 213 218 
139 50
4 13 19 27 34 41 49 55 64 69 75 79 83 91 94 97 107 109 111 123 124 125 135 136 137 138 140 141 142 143 144 145 146 147 148 149 153 154 155 167 169 171 181 184 187 195 199 203 214 219 
140 52
5 14 20 28 35 42 50 56 60 65 70 76 80 84 92 95 98 108 110 112 124 125 126 135 136 137 138 139 141 142 143 144 145 146 147 148 149 154 155 156 168 170 172 182 185 188 196 200 204 210 215 220 
141 52
6 21 29 36 43 45 51 57 61 66 71 77 81 85 93 96 99 109 111 113 125 126 127 135 136 137 138 139 140 142 143 144 145 146 147 148 149 155 156 157 169 171 173 183 186 189 197 201 205 211 216 221 
142 52
7 22 30 37 44 46 52 58 62 67 72 78 82 86 94 97 100 110 112 114 126 127 128 135 136 137 138 139 140 141 143 144 145 146 147 148 149 156 157 158 170 172 174 184 187 190 198 202 206 212 217 222 
143 52
8 15 23 31 38 47 53 59 63 68 73 79 83 87 95 98 101 111 113 115 127 128 129 135 136 137 138 139 140 141 142 144 145 146 147 148 149 157 158 159 171 173 175 185 188 191 199 203 207 213 218 223 
144 52
0 9 16 24 32 39 48 54 64 69 74 80 84 88 96 99 102 112 114 116 128 129 130 135 136 137 138 139 140 141 142 143 145 146 147 148 149 158 159 160 172 174 176 186 189 192 200 204 208 214 219 224 
145 50
1 10 17 25 33 40 49 55 65 70 81 85 89 97 100 103 113 115 117 129 130 131 135 136 137 138 139 140 141 142 143 144 146 147 148 149 159 160 161 173 175 177 187 190 193 201 205 209 215 220 
146 48
2 11 18 26 34 41 50 56 66 71 82 86 98 101 104 114 116 118 130 131 132 135 136 137 138 139 140 141 142 143 144 145 147 148 149 160 161 162 174 176 178 188 191 194 202 206 216 221 
147 46
3 12 19 27 35 42 51 57 67 72 83 87 99 102 115 117 119 131 132 133 135 136 137 138 139 140 141 142 143 144 145 146 148 149 161 162 163 175 177 179 189 192 203 207 217 222 
148 44
4 13 20 28 36 43 52 58 68 73 84 88 100 103 116 118 132 133 134 135 136 137 138 139 140 141 142 143 144 145 146 147 149 162 163 164 176 178 190 193 204 208 218 223 
149 42
5 14 21 29 37 44 53 59 69 74 85 89 101 104 117 119 133 134 135 136 137 138 139 140 141 142 143 144 145 146 147 148 163 164 177 179 191 194 205 209 219 224 
150 42
0 10 15 24 30 38 45 52 60 66 75 80 90 94 105 108 120 122 135 136 151 152 153 154 155 156 157 158 159 160 161 162 163 164 165 166 180 182 195 198 210 214 
151 44
1 11 16 25 31 39 46 53 61 67 76 81 91 95 106 109 121 123 135 136 137 150 152 153 154 155 156 157 158 159 160 161 162 163 164 165 166 167 181 183 196 199 211 215 
152 46
2 12 17 26 32 40 47 54 62 68 77 82 92 96 107 110 120 122 124 136 137 138 150 151 153 154 155 156 157 158 159 160 161 162 163 164 166 167 168 180 182 184 197 200 212 216 
153 48
3 13 18 27 33 41 48 55 63 69 78 83 93 97 105 108 111 121 123 125 137 138 139 150 151 152 154 155 156 157 158 159 160 161 162 163 164 167 168 169 181 183 185 195 198 201 213 217 
154 50
4 14 19 28 34 42 49 56 64 70 79 84 90 94 98 106 109 112 122 124 126 138 139 140 150 151 152 153 155 156 157 158 159 160 161 162 163 164 168 169 170 182 184 186 196 199 202 210 214 218 
155 50
5 20 29 35 43 50 57 65 71 75 80 85 91 95 99 107 110 113 123 125 127 139 140 141 150 151 152 153 154 156 157 158 159 160 161 162 163 164 169 170 171 183 185 187 197 200 203 211 215 219 
156 50
6 21 36 44 51 58 60 66 72 76 81 86 92 96 100 108 111 114 124 126 128 140 141 142 150 151 152 153 154 155 157 158 159 160 161 162 163 164 170 171 172 184 186 188 198 201 204 212 216 220 
157 50
7 22 37 45 52 59 61 67 73 77 82 87 93 97 101 109 112 115 125 127 129 141 142 143 150 151 152 153 154 155 156 158 159 160 161 162 163 164 171 172 173 185 187 189 199 202 205 213 217 221 
158 50
8 23 30 38 46 53 62 68 74 78 83 88 94 98 102 110 113 116 126 128 130 142 143 144 150 151 152 153 154 155 156 157 159 160 161 162 163 164 172 173 174 186 188 190 200 203 206 214 218 222 
159 50
9 15 24 31 39 47 54 63 69 79 84 89 95 99 103 111 114 117 127 129 131 143 144 145 150 151 152 153 154 155 156 157 158 160 161 162 163 164 173 174 175 187 189 191 201 204 207 215 219 223 
160 50
0 10 16 25 32 40 48 55 64 70 80 85 96 100 104 112 115 118 128 130 132 144 145 146 150 151 152 153 154 155 156 157 158 159 161 162 163 164 174 175 176 188 190 192 202 205 208 216 220 224 
161 48
1 11 17 26 33 41 49 56 65 71 81 86 97 101 113 116 119 129 131 133 145 146 147 150 151 152 153 154 155 156 157 158 159 160 162 163 164 175 176 177 189 191 193 203 206 209 217 221 
162 46
2 12 18 27 34 42 50 57 66 72 82 87 98 102 114 117 130 132 134 146 147 148 150 151 152 153 154 155 156 157 158 159 160 161 163 164 176 177 178 190 192 194 204 207 218 222 
163 44
3 13 19 28 35 43 51 58 67 73 83 88 99 103 115 118 131 133 147 148 149 150 151 152 153 154 155 156 157 158 159 160 161 162 164 177 178 179 191 193 205 208 219 223 
164 42
4 14 20 29 36 44 52 59 68 74 84 89 100 104 116 119 132 134 148 149 150 151 152 153 154 155 156 157 158 159 160 161 162 163 178 179 192 194 206 209 220 224 
165 42
0 11 15 25 30 39 45 53 60 67 75 81 90 95 105 109 120 123 135 137 150 151 166 167 168 169 170 171 172 173 174 175 176 177 178 179 180 181 195 197 210 213 
166 44
1 12 16 26 31 40 46 54 61 68 76 82 91 96 106 110 121 124 136 138 150 151 152 165 167 168 169 170 171 172 173 174 175 176 177 178 179 180 181 182 196 198 211 214 
167 46
2 13 17 27 32 41 47 55 62 69 77 83 92 97 107 111 122 125 135 137 139 151 152 153 165 166 168 169 170 171 172 173 174 175 176 177 178 179 181 182 183 195 197 199 212 215 
168 48
3 14 18 28 33 42 48 56 63 70 78 84 93 98 108 112 120 123 126 136 138 140 152 153 154 165 166 167 169 170 171 172 173 174 175 176 177 178 179 182 183 184 196 198 200 210 213 216 
169 48
4 19 29 34 43 49 57 64 71 79 85 94 99 105 109 113 121 124 127 137 139 141 153 154 155 165 166 167 168 170 171 172 173 174 175 176 177 178 179 183 184 185 197 199 201 211 214 217 
170 48
5 20 35 44 50 58 65 72 80 86 90 95 100 106 110 114 122 125 128 138 140 142 154 155 156 165 166 167 168 169 171 172 173 174 175 176 177 178 179 184 185 186 198 200 202 212 215 218 
171 48
6 21 36 51 59 66 73 75 81 87 91 96 101 107 111 115 123 126 129 139 141 143 155 156 157 165 166 167 168 169 170 172 173 174 175 176 177 178 179 185 186 187 199 201 203 213 216 219 
172 48
7 22 37 52 60 67 74 76 82 88 92 97 102 108 112 116 124 127 130 140 142 144 156 157 158 165 166 167 168 169 170 171 173 174 175 176 177 178 179 186 187 188 200 202 204 214 217 220 
173 48
8 23 38 45 53 61 68 77 83 89 93 98 103 109 113 117 125 128 131 141 143 145 157 158 159 165 166 167 168 169 170 171 172 174 175 176 177 178 179 187 188 189 201 203 205 215 218 221 
174 48
9 24 30 39 46 54 62 69 78 84 94 99 104 110 114 118 126 129 132 142 144 146 158 159 160 165 166 167 168 169 170 171 172 173 175 176 177 178 179 188 189 190 202 204 206 216 219 222 
175 48
10 15 25 31 40 47 55 63 70 79 85 95 100 111 115 119 127 130 133 143 145 147 159 160 161 165 166 167 168 169 170 171 172 173 174 176 177 178 179 189 190 191 203 205 207 217 220 223 
176 48
0 11 16 26 32 41 48 56 64 71 80 86 96 101 112 116 128 131 134 144 146 148 160 161 162 165 166 167 168 169 170 171 172 173 174 175 177 178 179 190 191 192 204 206 208 218 221 224 
177 46
1 12 17 27 33 42 49 57 65 72 81 87 97 102 113 117 129 132 145 147 149 161 162 163 165 166 167 168 169 170 171 172 173 174 175 176 178 179 191 192 193 205 207 209 219 222 
178 44
2 13 18 28 34 43 50 58 66 73 82 88 98 103 114 118 130 133 146 148 162 163 164 165 166 167 168 169 170 171 172 173 174 175 176 177 179 192 193 194 206 208 220 223 
179 42
3 14 19 29 35 44 51 59 67 74 83 89 99 104 115 119 131 134 147 149 163 164 165 166 167 168 169 170 171 172 173 174 175 176 177 178 193 194 207 209 221 224 
180 42
0 12 15 26 30 40 45 54 60 68 75 82 90 96 105 110 120 124 135 138 150 152 165 166 181 182 183 184 185 186 187 188 189 190 191 192 193 194 195 196 210 212 
181 44
1 13 16 27 31 41 46 55 61 69 76 83 91 97 106 111 121 125 136 139 151 153 165 166 167 180 182 183 184 185 186 187 188 189 190 191 192 193 194 195 196 197 211 213 
182 46
2 14 17 28 32 42 47 56 62 70 77 84 92 98 107 112 122 126 137 140 150 152 154 166 167 168 180 181 183 184 185 186 187 188 189 190 191 192 193 194 196 197 198 210 212 214 
183 46
3 18 29 33 43 48 57 63 71 78 85 93 99 108 113 123 127 135 138 141 151 153 155 167 168 169 180 181 182 184 185 186 187 188 189 190 191 192 193 194 197 198 199 211 213 215 
184 46
4 19 34 44 49 58 64 72 79 86 94 100 109 114 120 124 128 136 139 142 152 154 156 168 169 170 180 181 182 183 185 186 187 188 189 190 191 192 193 194 198 199 200 212 214 216 
185 46
5 20 35 50 59 65 73 80 87 95 101 105 110 115 121 125 129 137 140 143 153 155 157 169 170 171 180 181 182 183 184 186 187 188 189 190 191 192 193 194 199 200 201 213 215 217 
186 46
6 21 36 51 66 74 81 88 90 96 102 106 111 116 122 126 130 138 141 144 154 156 158 170 171 172 180 181 182 183 184 185 187 188 189 190 191 192 193 194 200 201 202 214 216 218 
187 46
7 22 37 52 67 75 82 89 91 97 103 107 112 117 123 127 131 139 142 145 155 157 159 171 172 173 180 181 182 183 184 185 186 188 189 190 191 192 193 194 201 202 203 215 217 219 
188 46
8 23 38 53 60 68 76 83 92 98 104 108 113 118 124 128 132 140 143 146 156 158 160 172 173 174 180 181 182 183 184 185 186 187 189 190 191 192 193 194 202 203 204 216 218 220 
189 46
9 24 39 45 54 61 69 77 84 93 99 109 114 119 125 129 133 141 144 147 157 159 161 173 174 175 180 181 182 183 184 185 186 187 188 190 191 192 193 194 203 204 205 217 219 221 
190 46
10 25 30 40 46 55 62 70 78 85 94 100 110 115 126 130 134 142 145 148 158 160 162 174 175 176 180 181 182 183 184 185 186 187 188 189 191 192 193 194 204 205 206 218 220 222 
191 46
11 15 26 31 41 47 56 63 71 79 86 95 101 111 116 127 131 143 146 149 159 161 163 175 176 177 180 181 182 183 184 185 186 187 188 189 190 192 193 194 205 206 207 219 221 223 
192 46
0 12 16 27 32 42 48 57 64 72 80 87 96 102 112 117 128 132 144 147 160 162 164 176 177 178 180 181 182 183 184 185 186 187 188 189 190 191 193 194 206 207 208 220 222 224 
193 44
1 13 17 28 33 43 49 58 65 73 81 88 97 103 113 118 129 133 145 148 161 163 177 178 179 180 181 182 183 184 185 186 187 188 189 190 191 192 194 207 208 209 221 223 
194 42
2 14 18 29 34 44 50 59 66 74 82 89 98 104 114 119 130 134 146 149 162 164 178 179 180 181 182 183 184 185 186 187 188 189 190 191 192 193 208 209 222 224 
195 42
0 13 15 27 30 41 45 55 60 69 75 83 90 97 105 111 120 125 135 139 150 153 165 167 180 181 196 197 198 199 200 201 202 203 204 205 206 207 208 209 210 211 
196 44
1 14 16 28 31 42 46 56 61 70 76 84 91 98 106 112 121 126 136 140 151 154 166 168 180 181 182 195 197 198 199 200 201 202 203 204 205 206 207 208 209 210 211 212 
197 44
2 17 29 32 43 47 57 62 71 77 85 92 99 107 113 122 127 137 141 152 155 165 167 169 181 182 183 195 196 198 199 200 201 202 203 204 205 206 207 208 209 211 212 213 
198 44
3 18 33 44 48 58 63 72 78 86 93 100 108 114 123 128 138 142 150 153 156 166 168 170 182 183 184 195 196 197 199 200 201 202 203 204 205 206 207 208 209 212 213 214 
199 44
4 19 34 49 59 64 73 79 87 94 101 109 115 124 129 135 139 143 151 154 157 167 169 171 183 184 185 195 196 197 198 200 201 202 203 204 205 206 207 208 209 213 214 215 
200 44
5 20 35 50 65 74 80 88 95 102 110 116 120 125 130 136 140 144 152 155 158 168 170 172 184 185 186 195 196 197 198 199 201 202 203 204 205 206 207 208 209 214 215 216 
201 44
6 21 36 51 66 81 89 96 103 105 111 117 121 126 131 137 141 145 153 156 159 169 171 173 185 186 187 195 196 197 198 199 200 202 203 204 205 206 207 208 209 215 216 217 
202 44
7 22 37 52 67 82 90 97 104 106 112 118 122 127 132 138 142 146 154 157 160 170 172 174 186 187 188 195 196 197 198 199 200 201 203 204 205 206 207 208 209 216 217 218 
203 44
8 23 38 53 68 75 83 91 98 107 113 119 123 128 133 139 143 147 155 158 161 171 173 175 187 188 189 195 196 197 198 199 200 201 202 204 205 206 207 208 209 217 218 219 
204 44
9 24 39 54 60 69 76 84 92 99 108 114 124 129 134 140 144 148 156 159 162 172 174 176 188 189 190 195 196 197 198 199 200 201 202 203 205 206 207 208 209 218 219 220 
205 44
10 25 40 45 55 61 70 77 85 93 100 109 115 125 130 141 145 149 157 160 163 173 175 177 189 190 191 195 196 197 198 199 200 201 202 203 204 206 207 208 209 219 220 221 
206 44
11 26 30 41 46 56 62 71 78 86 94 101 110 116 126 131 142 146 158 161 164 174 176 178 190 191 192 195 196 197 198 199 200 201 202 203 204 205 207 208 209 220 221 222 
207 44
12 15 27 31 42 47 57 63 72 79 87 95 102 111 117 127 132 143 147 159 162 175 177 179 191 192 193 195 196 197 198 199 200 201 202 203 204 205 206 208 209 221 222 223 
208 44
0 13 16 28 32 43 48 58 64 73 80 88 96 103 112 118 128 133 144 148 160 163 176 178 192 193 194 195 196 197 198 199 200 201 202 203 204 205 206 207 209 222 223 224 
209 42
1 14 17 29 33 44 49 59 65 74 81 89 97 104 113 119 129 134 145 149 161 164 177 179 193 194 195 196 197 198 199 200 201 202 203 204 205 206 207 208 223 224 
210 42
0 14 15 28 30 42 45 56 60 70 75 84 90 98 105 112 120 126 135 140 150 154 165 168 180 182 195 196 211 212 213 214 215 216 217 218 219 220 221 222 223 224 
211 42
1 16 29 31 43 46 57 61 71 76 85 91 99 106 113 121 127 136 141 151 155 166 169 181 183 195 196 197 210 212 213 214 215 216 217 218 219 220 221 222 223 224 
212 42
2 17 32 44 47 58 62 72 77 86 92 100 107 114 122 128 137 142 152 156 167 170 180 182 184 196 197 198 210 211 213 214 215 216 217 218 219 220 221 222 223 224 
213 42
3 18 33 48 59 63 73 78 87 93 101 108 115 123 129 138 143 153 157 165 168 171 181 183 185 197 198 199 210 211 212 214 215 216 217 218 219 220 221 222 223 224 
214 42
4 19 34 49 64 74 79 88 94 102 109 116 124 130 139 144 150 154 158 166 169 172 182 184 186 198 199 200 210 211 212 213 215 216 217 218 219 220 221 222 223 224 
215 42
5 20 35 50 65 80 89 95 103 110 117 125 131 135 140 145 151 155 159 167 170 173 183 185 187 199 200 201 210 211 212 213 214 216 217 218 219 220 221 222 223 224 
216 42
6 21 36 51 66 81 96 104 111 118 120 126 132 136 141 146 152 156 160 168 171 174 184 186 188 200 201 202 210 211 212 213 214 215 217 218 219 220 221 222 223 224 
217 42
7 22 37 52 67 82 97 105 112 119 121 127 133 137 142 147 153 157 161 169 172 175 185 187 189 201 202 203 210 211 212 213 214 215 216 218 219 220 221 222 223 224 
218 42
8 23 38 53 68 83 90 98 106 113 122 128 134 138 143 148 154 158 162 170 173 176 186 188 190 202 203 204 210 211 212 213 214 215 216 217 219 220 221 222 223 224 
219 42
9 24 39 54 69 75 84 91 99 107 114 123 129 139 144 149 155 159 163 171 174 177 187 189 191 203 204 205 210 211 212 213 214 215 216 217 218 220 221 222 223 224 
220 42
10 25 40 55 60 70 76 85 92 100 108 115 124 130 140 145 156 160 164 172 175 178 188 190 192 204 205 206 210 211 212 213 214 215 216 217 218 219 221 222 223 224 
221 42
11 26 41 45 56 61 71 77 86 93 101 109 116 125 131 141 146 157 161 173 176 179 189 191 193 205 206 207 210 211 212 213 214 215 216 217 218 219 220 222 223 224 
222 42
12 27 30 42 46 57 62 72 78 87 94 102 110 117 126 132 142 147 158 162 174 177 190 192 194 206 207 208 210 211 212 213 214 215 216 217 218 219 220 221 223 224 
223 42
13 15 28 31 43 47 58 63 73 79 88 95 103 111 118 127 133 143 148 159 163 175 178 191 193 207 208 209 210 211 212 213 214 215 216 217 218 219 220 221 222 224 
224 42
0 14 16 29 32 44 48 59 64 74 80 89 96 104 112 119 128 134 144 149 160 164 176 179 192 194 208 209 210 211 212 213 214 215 216 217 218 219 220 221 222 223 
