256

0 45
1 2 3 4 5 6 7 8 9 10 11 12 13 14 15 16 17 32 34 48 51 64 68 80 85 96 102 112 119 128 136 144 153 160 170 176 187 192 204 208 221 224 238 240 255 
1 45
0 2 3 4 5 6 7 8 9 10 11 12 13 14 15 16 17 18 33 35 49 52 65 69 81 86 97 103 113 120 129 137 145 154 161 171 177 188 193 205 209 222 225 239 241 
2 45
0 1 3 4 5 6 7 8 9 10 11 12 13 14 15 17 18 19 32 34 36 50 53 66 70 82 87 98 104 114 121 130 138 146 155 162 172 178 189 194 206 210 223 226 242 
3 45
0 1 2 4 5 6 7 8 9 10 11 12 13 14 15 18 19 20 33 35 37 48 51 54 67 71 83 88 99 105 115 122 131 139 147 156 163 173 179 190 195 207 211 227 243 
4 45
0 1 2 3 5 6 7 8 9 10 11 12 13 14 15 19 20 21 34 36 38 49 52 55 64 68 72 84 89 100 106 116 123 132 140 148 157 164 174 180 191 196 212 228 244 
5 45
0 1 2 3 4 6 7 8 9 10 11 12 13 14 15 20 21 22 35 37 39 50 53 56 65 69 73 80 85 90 101 107 117 124 133 141 149 158 165 175 181 197 213 229 245 
6 45
0 1 2 3 4 5 7 8 9 10 11 12 13 14 15 21 22 23 36 38 40 51 54 57 66 70 74 81 86 91 96 102 108 118 125 134 142 150 159 166 182 198 214 230 246 
7 45
0 1 2 3 4 5 6 8 9 10 11 12 13 14 15 22 23 24 37 39 41 52 55 58 67 71 75 82 87 92 97 103 109 112 119 126 135 143 151 167 183 199 215 231 247 
8 45
0 1 2 3 4 5 6 7 9 10 11 12 13 14 15 23 24 25 38 40 42 53 56 59 68 72 76 83 88 93 98 104 110 113 120 127 128 136 152 168 184 200 216 232 248 
9 45
0 1 2 3 4 5 6 7 8 10 11 12 13 14 15 24 25 26 39 41 43 54 57 60 69 73 77 84 89 94 99 105 111 114 121 129 137 144 153 169 185 201 217 233 249 
10 45
0 1 2 3 4 5 6 7 8 9 11 12 13 14 15 25 26 27 40 42 44 55 58 61 70 74 78 85 90 95 100 106 115 122 130 138 145 154 160 170 186 202 218 234 250 
11 45
0 1 2 3 4 5 6 7 8 9 10 12 13 14 15 26 27 28 41 43 45 56 59 62 71 75 79 86 91 101 107 116 123 131 139 146 155 161 171 176 187 203 219 235 251 
12 45
0 1 2 3 4 5 6 7 8 9 10 11 13 14 15 27 28 29 42 44 46 57 60 63 72 76 87 92 102 108 117 124 132 140 147 156 162 172 177 188 192 204 220 236 252 
13 45
0 1 2 3 4 5 6 7 8 9 10 11 12 14 15 28 29 30 43 45 47 58 61 73 77 88 93 103 109 118 125 133 141 148 157 163 173 178 189 193 205 208 221 237 253 
14 45
0 1 2 3 4 5 6 7 8 9 10 11 12 13 15 29 30 31 44 46 59 62 74 78 89 94 104 110 119 126 134 142 149 158 164 174 179 190 194 206 209 222 224 238 254 
15 45
0 1 2 3 4 5 6 7 8 9 10 11 12 13 14 30 31 45 47 60 63 75 79 90 95 105 111 120 127 135 143 150 159 165 175 180 191 195 207 210 223 225 239 240 255 
16 45
0 1 17 18 19 20 21 22 23 24 25 26 27 28 29 30 31 32 33 48 50 64 67 80 84 96 101 112 118 128 135 144 152 160 169 176 186 192 203 208 220 224 237 240 254 
17 47
0 1 2 16 18 19 20 21 22 23 24 25 26 27 28 29 30 31 32 33 34 49 51 65 68 81 85 97 102 113 119 129 136 145 153 161 170 177 187 193 204 209 221 225 238 241 255 
18 47
1 2 3 16 17 19 20 21 22 23 24 25 26 27 28 29 30 31 33 34 35 48 50 52 66 69 82 86 98 103 114 120 130 137 146 154 162 171 178 188 194 205 210 222 226 239 242 
19 47
2 3 4 16 17 18 20 21 22 23 24 25 26 27 28 29 30 31 34 35 36 49 51 53 64 67 70 83 87 99 104 115 121 131 138 147 155 163 172 179 189 195 206 211 223 227 243 
20 47
3 4 5 16 17 18 19 21 22 23 24 25 26 27 28 29 30 31 35 36 37 50 52 54 65 68 71 80 84 88 100 105 116 122 132 139 148 156 164 173 180 190 196 207 212 228 244 
21 47
4 5 6 16 17 18 19 20 22 23 24 25 26 27 28 29 30 31 36 37 38 51 53 55 66 69 72 81 85 89 96 101 106 117 123 133 140 149 157 165 174 181 191 197 213 229 245 
22 47
5 6 7 16 17 18 19 20 21 23 24 25 26 27 28 29 30 31 37 38 39 52 54 56 67 70 73 82 86 90 97 102 107 112 118 124 134 141 150 158 166 175 182 198 214 230 246 
23 47
6 7 8 16 17 18 19 20 21 22 24 25 26 27 28 29 30 31 38 39 40 53 55 57 68 71 74 83 87 91 98 103 108 113 119 125 128 135 142 151 159 167 183 199 215 231 247 
24 47
7 8 9 16 17 18 19 20 21 22 23 25 26 27 28 29 30 31 39 40 41 54 56 58 69 72 75 84 88 92 99 104 109 114 120 126 129 136 143 144 152 168 184 200 216 232 248 
25 47
8 9 10 16 17 18 19 20 21 22 23 24 26 27 28 29 30 31 40 41 42 55 57 59 70 73 76 85 89 93 100 105 110 115 121 127 130 137 145 153 160 169 185 201 217 233 249 
26 47
9 10 11 16 17 18 19 20 21 22 23 24 25 27 28 29 30 31 41 42 43 56 58 60 71 74 77 86 90 94 101 106 111 116 122 131 138 146 154 161 170 176 186 202 218 234 250 
27 47
10 11 12 16 17 18 19 20 21 22 23 24 25 26 28 29 30 31 42 43 44 57 59 61 72 75 78 87 91 95 102 107 117 123 132 139 147 155 162 171 177 187 192 203 219 235 251 
28 47
11 12 13 16 17 18 19 20 21 22 23 24 25 26 27 29 30 31 43 44 45 58 60 62 73 76 79 88 92 103 108 118 124 133 140 148 156 163 172 178 188 193 204 208 220 236 252 
29 47
12 13 14 16 17 18 19 20 21 22 23 24 25 26 27 28 30 31 44 45 46 59 61 63 74 77 89 93 104 109 119 125 134 141 149 157 164 173 179 189 194 205 209 221 224 237 253 
30 47
13 14 15 16 17 18 19 20 21 22 23 24 25 26 27 28 29 31 45 46 47 60 62 75 78 90 94 105 110 120 126 135 142 150 158 165 174 180 190 195 206 210 222 225 238 240 254 
31 45
14 15 16 17 18 19 20 21 22 23 24 25 26 27 28 29 30 46 47 61 63 76 79 91 95 106 111 121 127 136 143 151 159 166 175 181 191 196 207 211 223 226 239 241 255 
32 45
0 2 16 17 33 34 35 36 37 38 39 40 41 42 43 44 45 46 47 48 49 64 66 80 83 96 100 112 117 128 134 144 151 160 168 176 185 192 202 208 219 224 236 240 253 
33 47
1 3 16 17 18 32 34 35 36 37 38 39 40 41 42 43 44 45 46 47 48 49 50 65 67 81 84 97 101 113 118 129 135 145 152 161 169 177 186 193 203 209 220 225 237 241 254 
34 49
0 2 4 17 18 19 32 33 35 36 37 38 39 40 41 42 43 44 45 46 47 49 50 51 64 66 68 82 85 98 102 114 119 130 136 146 153 162 170 178 187 194 204 210 221 226 238 242 255 
35 49
1 3 5 18 19 20 32 33 34 36 37 38 39 40 41 42 43 44 45 46 47 50 51 52 65 67 69 80 83 86 99 103 115 120 131 137 147 154 163 171 179 188 195 205 211 222 227 239 243 
36 49
2 4 6 19 20 21 32 33 34 35 37 38 39 40 41 42 43 44 45 46 47 51 52 53 66 68 70 81 84 87 96 100 104 116 121 132 138 148 155 164 172 180 189 196 206 212 223 228 244 
37 49
3 5 7 20 21 22 32 33 34 35 36 38 39 40 41 42 43 44 45 46 47 52 53 54 67 69 71 82 85 88 97 101 105 112 117 122 133 139 149 156 165 173 181 190 197 207 213 229 245 
38 49
4 6 8 21 22 23 32 33 34 35 36 37 39 40 41 42 43 44 45 46 47 53 54 55 68 70 72 83 86 89 98 102 106 113 118 123 128 134 140 150 157 166 174 182 191 198 214 230 246 
39 49
5 7 9 22 23 24 32 33 34 35 36 37 38 40 41 42 43 44 45 46 47 54 55 56 69 71 73 84 87 90 99 103 107 114 119 124 129 135 141 144 151 158 167 175 183 199 215 231 247 
40 49
6 8 10 23 24 25 32 33 34 35 36 37 38 39 41 42 43 44 45 46 47 55 56 57 70 72 74 85 88 91 100 104 108 115 120 125 130 136 142 145 152 159 160 168 184 200 216 232 248 
41 49
7 9 11 24 25 26 32 33 34 35 36 37 38 39 40 42 43 44 45 46 47 56 57 58 71 73 75 86 89 92 101 105 109 116 121 126 131 137 143 146 153 161 169 176 185 201 217 233 249 
42 49
8 10 12 25 26 27 32 33 34 35 36 37 38 39 40 41 43 44 45 46 47 57 58 59 72 74 76 87 90 93 102 106 110 117 122 127 132 138 147 154 162 170 177 186 192 202 218 234 250 
43 49
9 11 13 26 27 28 32 33 34 35 36 37 38 39 40 41 42 44 45 46 47 58 59 60 73 75 77 88 91 94 103 107 111 118 123 133 139 148 155 163 171 178 187 193 203 208 219 235 251 
44 49
10 12 14 27 28 29 32 33 34 35 36 37 38 39 40 41 42 43 45 46 47 59 60 61 74 76 78 89 92 95 104 108 119 124 134 140 149 156 164 172 179 188 194 204 209 220 224 236 252 
45 49
11 13 15 28 29 30 32 33 34 35 36 37 38 39 40 41 42 43 44 46 47 60 61 62 75 77 79 90 93 105 109 120 125 135 141 150 157 165 173 180 189 195 205 210 221 225 237 240 253 
46 47
12 14 29 30 31 32 33 34 35 36 37 38 39 40 41 42 43 44 45 47 61 62 63 76 78 91 94 106 110 121 126 136 142 151 158 166 174 181 190 196 206 211 222 226 238 241 254 
47 45
13 15 30 31 32 33 34 35 36 37 38 39 40 41 42 43 44 45 46 62 63 77 79 92 95 107 111 122 127 137 143 152 159 167 175 182 191 197 207 212 223 227 239 242 255 
48 45
0 3 16 18 32 33 49 50 51 52 53 54 55 56 57 58 59 60 61 62 63 64 65 80 82 96 99 112 116 128 133 144 150 160 167 176 184 192 201 208 218 224 235 240 252 
49 47
1 4 17 19 32 33 34 48 50 51 52 53 54 55 56 57 58 59 60 61 62 63 64 65 66 81 83 97 100 113 117 129 134 145 151 161 168 177 185 193 202 209 219 225 236 241 253 
50 49
2 5 16 18 20 33 34 35 48 49 51 52 53 54 55 56 57 58 59 60 61 62 63 65 66 67 80 82 84 98 101 114 118 130 135 146 152 162 169 178 186 194 203 210 220 226 237 242 254 
51 51
0 3 6 17 19 21 34 35 36 48 49 50 52 53 54 55 56 57 58 59 60 61 62 63 66 67 68 81 83 85 96 99 102 115 119 131 136 147 153 163 170 179 187 195 204 211 221 227 238 243 255 
52 51
1 4 7 18 20 22 35 36 37 48 49 50 51 53 54 55 56 57 58 59 60 61 62 63 67 68 69 82 84 86 97 100 103 112 116 120 132 137 148 154 164 171 180 188 196 205 212 222 228 239 244 
53 51
2 5 8 19 21 23 36 37 38 48 49 50 51 52 54 55 56 57 58 59 60 61 62 63 68 69 70 83 85 87 98 101 104 113 117 121 128 133 138 149 155 165 172 181 189 197 206 213 223 229 245 
54 51
3 6 9 20 22 24 37 38 39 48 49 50 51 52 53 55 56 57 58 59 60 61 62 63 69 70 71 84 86 88 99 102 105 114 118 122 129 134 139 144 150 156 166 173 182 190 198 207 214 230 246 
55 51
4 7 10 21 23 25 38 39 40 48 49 50 51 52 53 54 56 57 58 59 60 61 62 63 70 71 72 85 87 89 100 103 106 115 119 123 130 135 140 145 151 157 160 167 174 183 191 199 215 231 247 
56 51
5 8 11 22 24 26 39 40 41 48 49 50 51 52 53 54 55 57 58 59 60 61 62 63 71 72 73 86 88 90 101 104 107 116 120 124 131 136 141 146 152 158 161 168 175 176 184 200 216 232 248 
57 51
6 9 12 23 25 27 40 41 42 48 49 50 51 52 53 54 55 56 58 59 60 61 62 63 72 73 74 87 89 91 102 105 108 117 121 125 132 137 142 147 153 159 162 169 177 185 192 201 217 233 249 
58 51
7 10 13 24 26 28 41 42 43 48 49 50 51 52 53 54 55 56 57 59 60 61 62 63 73 74 75 88 90 92 103 106 109 118 122 126 133 138 143 148 154 163 170 178 186 193 202 208 218 234 250 
59 51
8 11 14 25 27 29 42 43 44 48 49 50 51 52 53 54 55 56 57 58 60 61 62 63 74 75 76 89 91 93 104 107 110 119 123 127 134 139 149 155 164 171 179 187 194 203 209 219 224 235 251 
60 51
9 12 15 26 28 30 43 44 45 48 49 50 51 52 53 54 55 56 57 58 59 61 62 63 75 76 77 90 92 94 105 108 111 120 124 135 140 150 156 165 172 180 188 195 204 210 220 225 236 240 252 
61 49
10 13 27 29 31 44 45 46 48 49 50 51 52 53 54 55 56 57 58 59 60 62 63 76 77 78 91 93 95 106 109 121 125 136 141 151 157 166 173 181 189 196 205 211 221 226 237 241 253 
62 47
11 14 28 30 45 46 47 48 49 50 51 52 53 54 55 56 57 58 59 60 61 63 77 78 79 92 94 107 110 122 126 137 142 152 158 167 174 182 190 197 206 212 222 227 238 242 254 
63 45
12 15 29 31 46 47 48 49 50 51 52 53 54 55 56 57 58 59 60 61 62 78 79 93 95 108 111 123 127 138 143 153 159 168 175 183 191 198 207 213 223 228 239 243 255 
64 45
0 4 16 19 32 34 48 49 65 66 67 68 69 70 71 72 73 74 75 76 77 78 79 80 81 96 98 112 115 128 132 144 149 160 166 176 183 192 200 208 217 224 234 240 251 
65 47
1 5 17 20 33 35 48 49 50 64 66 67 68 69 70 71 72 73 74 75 76 77 78 79 80 81 82 97 99 113 116 129 133 145 150 161 167 177 184 193 201 209 218 225 235 241 252 
66 49
2 6 18 21 32 34 36 49 50 51 64 65 67 68 69 70 71 72 73 74 75 76 77 78 79 81 82 83 96 98 100 114 117 130 134 146 151 162 168 178 185 194 202 210 219 226 236 242 253 
67 51
3 7 16 19 22 33 35 37 50 51 52 64 65 66 68 69 70 71 72 73 74 75 76 77 78 79 82 83 84 97 99 101 112 115 118 131 135 147 152 163 169 179 186 195 203 211 220 227 237 243 254 
68 53
0 4 8 17 20 23 34 36 38 51 52 53 64 65 66 67 69 70 71 72 73 74 75 76 77 78 79 83 84 85 98 100 102 113 116 119 128 132 136 148 153 164 170 180 187 196 204 212 221 228 238 244 255 
69 53
1 5 9 18 21 24 35 37 39 52 53 54 64 65 66 67 68 70 71 72 73 74 75 76 77 78 79 84 85 86 99 101 103 114 117 120 129 133 137 144 149 154 165 171 181 188 197 205 213 222 229 239 245 
70 53
2 6 10 19 22 25 36 38 40 53 54 55 64 65 66 67 68 69 71 72 73 74 75 76 77 78 79 85 86 87 100 102 104 115 118 121 130 134 138 145 150 155 160 166 172 182 189 198 206 214 223 230 246 
71 53
3 7 11 20 23 26 37 39 41 54 55 56 64 65 66 67 68 69 70 72 73 74 75 76 77 78 79 86 87 88 101 103 105 116 119 122 131 135 139 146 151 156 161 167 173 176 183 190 199 207 215 231 247 
72 53
4 8 12 21 24 27 38 40 42 55 56 57 64 65 66 67 68 69 70 71 73 74 75 76 77 78 79 87 88 89 102 104 106 117 120 123 132 136 140 147 152 157 162 168 174 177 184 191 192 200 216 232 248 
73 53
5 9 13 22 25 28 39 41 43 56 57 58 64 65 66 67 68 69 70 71 72 74 75 76 77 78 79 88 89 90 103 105 107 118 121 124 133 137 141 148 153 158 163 169 175 178 185 193 201 208 217 233 249 
74 53
6 10 14 23 26 29 40 42 44 57 58 59 64 65 66 67 68 69 70 71 72 73 75 76 77 78 79 89 90 91 104 106 108 119 122 125 134 138 142 149 154 159 164 170 179 186 194 202 209 218 224 234 250 
75 53
7 11 15 24 27 30 41 43 45 58 59 60 64 65 66 67 68 69 70 71 72 73 74 76 77 78 79 90 91 92 105 107 109 120 123 126 135 139 143 150 155 165 171 180 187 195 203 210 219 225 235 240 251 
76 51
8 12 25 28 31 42 44 46 59 60 61 64 65 66 67 68 69 70 71 72 73 74 75 77 78 79 91 92 93 106 108 110 121 124 127 136 140 151 156 166 172 181 188 196 204 211 220 226 236 241 252 
77 49
9 13 26 29 43 45 47 60 61 62 64 65 66 67 68 69 70 71 72 73 74 75 76 78 79 92 93 94 107 109 111 122 125 137 141 152 157 167 173 182 189 197 205 212 221 227 237 242 253 
78 47
10 14 27 30 44 46 61 62 63 64 65 66 67 68 69 70 71 72 73 74 75 76 77 79 93 94 95 108 110 123 126 138 142 153 158 168 174 183 190 198 206 213 222 228 238 243 254 
79 45
11 15 28 31 45 47 62 63 64 65 66 67 68 69 70 71 72 73 74 75 76 77 78 94 95 109 111 124 127 139 143 154 159 169 175 184 191 199 207 214 223 229 239 244 255 
80 45
0 5 16 20 32 35 48 50 64 65 81 82 83 84 85 86 87 88 89 90 91 92 93 94 95 96 97 112 114 128 131 144 148 160 165 176 182 192 199 208 216 224 233 240 250 
81 47
1 6 17 21 33 36 49 51 64 65 66 80 82 83 84 85 86 87 88 89 90 91 92 93 94 95 96 97 98 113 115 129 132 145 149 161 166 177 183 193 200 209 217 225 234 241 251 
82 49
2 7 18 22 34 37 48 50 52 65 66 67 80 81 83 84 85 86 87 88 89 90 91 92 93 94 95 97 98 99 112 114 116 130 133 146 150 162 167 178 184 194 201 210 218 226 235 242 252 
83 51
3 8 19 23 32 35 38 49 51 53 66 67 68 80 81 82 84 85 86 87 88 89 90 91 92 93 94 95 98 99 100 113 115 117 128 131 134 147 151 163 168 179 185 195 202 211 219 227 236 243 253 
84 53
4 9 16 20 24 33 36 39 50 52 54 67 68 69 80 81 82 83 85 86 87 88 89 90 91 92 93 94 95 99 100 101 114 116 118 129 132 135 144 148 152 164 169 180 186 196 203 212 220 228 237 244 254 
85 55
0 5 10 17 21 25 34 37 40 51 53 55 68 69 70 80 81 82 83 84 86 87 88 89 90 91 92 93 94 95 100 101 102 115 117 119 130 133 136 145 149 153 160 165 170 181 187 197 204 213 221 229 238 245 255 
86 55
1 6 11 18 22 26 35 38 41 52 54 56 69 70 71 80 81 82 83 84 85 87 88 89 90 91 92 93 94 95 101 102 103 116 118 120 131 134 137 146 150 154 161 166 171 176 182 188 198 205 214 222 230 239 246 
87 55
2 7 12 19 23 27 36 39 42 53 55 57 70 71 72 80 81 82 83 84 85 86 88 89 90 91 92 93 94 95 102 103 104 117 119 121 132 135 138 147 151 155 162 167 172 177 183 189 192 199 206 215 223 231 247 
88 55
3 8 13 20 24 28 37 40 43 54 56 58 71 72 73 80 81 82 83 84 85 86 87 89 90 91 92 93 94 95 103 104 105 118 120 122 133 136 139 148 152 156 163 168 173 178 184 190 193 200 207 208 216 232 248 
89 55
4 9 14 21 25 29 38 41 44 55 57 59 72 73 74 80 81 82 83 84 85 86 87 88 90 91 92 93 94 95 104 105 106 119 121 123 134 137 140 149 153 157 164 169 174 179 185 191 194 201 209 217 224 233 249 
90 55
5 10 15 22 26 30 39 42 45 56 58 60 73 74 75 80 81 82 83 84 85 86 87 88 89 91 92 93 94 95 105 106 107 120 122 124 135 138 141 150 154 158 165 170 175 180 186 195 202 210 218 225 234 240 250 
91 53
6 11 23 27 31 40 43 46 57 59 61 74 75 76 80 81 82 83 84 85 86 87 88 89 90 92 93 94 95 106 107 108 121 123 125 136 139 142 151 155 159 166 171 181 187 196 203 211 219 226 235 241 251 
92 51
7 12 24 28 41 44 47 58 60 62 75 76 77 80 81 82 83 84 85 86 87 88 89 90 91 93 94 95 107 108 109 122 124 126 137 140 143 152 156 167 172 182 188 197 204 212 220 227 236 242 252 
93 49
8 13 25 29 42 45 59 61 63 76 77 78 80 81 82 83 84 85 86 87 88 89 90 91 92 94 95 108 109 110 123 125 127 138 141 153 157 168 173 183 189 198 205 213 221 228 237 243 253 
94 47
9 14 26 30 43 46 60 62 77 78 79 80 81 82 83 84 85 86 87 88 89 90 91 92 93 95 109 110 111 124 126 139 142 154 158 169 174 184 190 199 206 214 222 229 238 244 254 
95 45
10 15 27 31 44 47 61 63 78 79 80 81 82 83 84 85 86 87 88 89 90 91 92 93 94 110 111 125 127 140 143 155 159 170 175 185 191 200 207 215 223 230 239 245 255 
96 45
0 6 16 21 32 36 48 51 64 66 80 81 97 98 99 100 101 102 103 104 105 106 107 108 109 110 111 112 113 128 130 144 147 160 164 176 181 192 198 208 215 224 232 240 249 
97 47
1 7 17 22 33 37 49 52 65 67 80 81 82 96 98 99 100 101 102 103 104 105 106 107 108 109 110 111 112 113 114 129 131 145 148 161 165 177 182 193 199 209 216 225 233 241 250 
98 49
2 8 18 23 34 38 50 53 64 66 68 81 82 83 96 97 99 100 101 102 103 104 105 106 107 108 109 110 111 113 114 115 128 130 132 146 149 162 166 178 183 194 200 210 217 226 234 242 251 
99 51
3 9 19 24 35 39 48 51 54 65 67 69 82 83 84 96 97 98 100 101 102 103 104 105 106 107 108 109 110 111 114 115 116 129 131 133 144 147 150 163 167 179 184 195 201 211 218 227 235 243 252 
100 53
4 10 20 25 32 36 40 49 52 55 66 68 70 83 84 85 96 97 98 99 101 102 103 104 105 106 107 108 109 110 111 115 116 117 130 132 134 145 148 151 160 164 168 180 185 196 202 212 219 228 236 244 253 
101 55
5 11 16 21 26 33 37 41 50 53 56 67 69 71 84 85 86 96 97 98 99 100 102 103 104 105 106 107 108 109 110 111 116 117 118 131 133 135 146 149 152 161 165 169 176 181 186 197 203 213 220 229 237 245 254 
102 57
0 6 12 17 22 27 34 38 42 51 54 57 68 70 72 85 86 87 96 97 98 99 100 101 103 104 105 106 107 108 109 110 111 117 118 119 132 134 136 147 150 153 162 166 170 177 182 187 192 198 204 214 221 230 238 246 255 
103 57
1 7 13 18 23 28 35 39 43 52 55 58 69 71 73 86 87 88 96 97 98 99 100 101 102 104 105 106 107 108 109 110 111 118 119 120 133 135 137 148 151 154 163 167 171 178 183 188 193 199 205 208 215 222 231 239 247 
104 57
2 8 14 19 24 29 36 40 44 53 56 59 70 72 74 87 88 89 96 97 98 99 100 101 102 103 105 106 107 108 109 110 111 119 120 121 134 136 138 149 152 155 164 168 172 179 184 189 194 200 206 209 216 223 224 232 248 
105 57
3 9 15 20 25 30 37 41 45 54 57 60 71 73 75 88 89 90 96 97 98 99 100 101 102 103 104 106 107 108 109 110 111 120 121 122 135 137 139 150 153 156 165 169 173 180 185 190 195 201 207 210 217 225 233 240 249 
106 55
4 10 21 26 31 38 42 46 55 58 61 72 74 76 89 90 91 96 97 98 99 100 101 102 103 104 105 107 108 109 110 111 121 122 123 136 138 140 151 154 157 166 170 174 181 186 191 196 202 211 218 226 234 241 250 
107 53
5 11 22 27 39 43 47 56 59 62 73 75 77 90 91 92 96 97 98 99 100 101 102 103 104 105 106 108 109 110 111 122 123 124 137 139 141 152 155 158 167 171 175 182 187 197 203 212 219 227 235 242 251 
108 51
6 12 23 28 40 44 57 60 63 74 76 78 91 92 93 96 97 98 99 100 101 102 103 104 105 106 107 109 110 111 123 124 125 138 140 142 153 156 159 168 172 183 188 198 204 213 220 228 236 243 252 
109 49
7 13 24 29 41 45 58 61 75 77 79 92 93 94 96 97 98 99 100 101 102 103 104 105 106 107 108 110 111 124 125 126 139 141 143 154 157 169 173 184 189 199 205 214 221 229 237 244 253 
110 47
8 14 25 30 42 46 59 62 76 78 93 94 95 96 97 98 99 100 101 102 103 104 105 106 107 108 109 111 125 126 127 140 142 155 158 170 174 185 190 200 206 215 222 230 238 245 254 
111 45
9 15 26 31 43 47 60 63 77 79 94 95 96 97 98 99 100 101 102 103 104 105 106 107 108 109 110 126 127 141 143 156 159 171 175 186 191 201 207 216 223 231 239 246 255 
112 45
0 7 16 22 32 37 48 52 64 67 80 82 96 97 113 114 115 116 117 118 119 120 121 122 123 124 125 126 127 128 129 144 146 160 163 176 180 192 197 208 214 224 231 240 248 
113 47
1 8 17 23 33 38 49 53 65 68 81 83 96 97 98 112 114 115 116 117 118 119 120 121 122 123 124 125 126 127 128 129 130 145 147 161 164 177 181 193 198 209 215 225 232 241 249 
114 49
2 9 18 24 34 39 50 54 66 69 80 82 84 97 98 99 112 113 115 116 117 118 119 120 121 122 123 124 125 126 127 129 130 131 144 146 148 162 165 178 182 194 199 210 216 226 233 242 250 
115 51
3 10 19 25 35 40 51 55 64 67 70 81 83 85 98 99 100 112 113 114 116 117 118 119 120 121 122 123 124 125 126 127 130 131 132 145 147 149 160 163 166 179 183 195 200 211 217 227 234 243 251 
116 53
4 11 20 26 36 41 48 52 56 65 68 71 82 84 86 99 100 101 112 113 114 115 117 118 119 120 121 122 123 124 125 126 127 131 132 133 146 148 150 161 164 167 176 180 184 196 201 212 218 228 235 244 252 
117 55
5 12 21 27 32 37 42 49 53 57 66 69 72 83 85 87 100 101 102 112 113 114 115 116 118 119 120 121 122 123 124 125 126 127 132 133 134 147 149 151 162 165 168 177 181 185 192 197 202 213 219 229 236 245 253 
118 57
6 13 16 22 28 33 38 43 50 54 58 67 70 73 84 86 88 101 102 103 112 113 114 115 116 117 119 120 121 122 123 124 125 126 127 133 134 135 148 150 152 163 166 169 178 182 186 193 198 203 208 214 220 230 237 246 254 
119 59
0 7 14 17 23 29 34 39 44 51 55 59 68 71 74 85 87 89 102 103 104 112 113 114 115 116 117 118 120 121 122 123 124 125 126 127 134 135 136 149 151 153 164 167 170 179 183 187 194 199 204 209 215 221 224 231 238 247 255 
120 59
1 8 15 18 24 30 35 40 45 52 56 60 69 72 75 86 88 90 103 104 105 112 113 114 115 116 117 118 119 121 122 123 124 125 126 127 135 136 137 150 152 154 165 168 171 180 184 188 195 200 205 210 216 222 225 232 239 240 248 
121 57
2 9 19 25 31 36 41 46 53 57 61 70 73 76 87 89 91 104 105 106 112 113 114 115 116 117 118 119 120 122 123 124 125 126 127 136 137 138 151 153 155 166 169 172 181 185 189 196 201 206 211 217 223 226 233 241 249 
122 55
3 10 20 26 37 42 47 54 58 62 71 74 77 88 90 92 105 106 107 112 113 114 115 116 117 118 119 120 121 123 124 125 126 127 137 138 139 152 154 156 167 170 173 182 186 190 197 202 207 212 218 227 234 242 250 
123 53
4 11 21 27 38 43 55 59 63 72 75 78 89 91 93 106 107 108 112 113 114 115 116 117 118 119 120 121 122 124 125 126 127 138 139 140 153 155 157 168 171 174 183 187 191 198 203 213 219 228 235 243 251 
124 51
5 12 22 28 39 44 56 60 73 76 79 90 92 94 107 108 109 112 113 114 115 116 117 118 119 120 121 122 123 125 126 127 139 140 141 154 156 158 169 172 175 184 188 199 204 214 220 229 236 244 252 
125 49
6 13 23 29 40 45 57 61 74 77 91 93 95 108 109 110 112 113 114 115 116 117 118 119 120 121 122 123 124 126 127 140 141 142 155 157 159 170 173 185 189 200 205 215 221 230 237 245 253 
126 47
7 14 24 30 41 46 58 62 75 78 92 94 109 110 111 112 113 114 115 116 117 118 119 120 121 122 123 124 125 127 141 142 143 156 158 171 174 186 190 201 206 216 222 231 238 246 254 
127 45
8 15 25 31 42 47 59 63 76 79 93 95 110 111 112 113 114 115 116 117 118 119 120 121 122 123 124 125 126 142 143 157 159 172 175 187 191 202 207 217 223 232 239 247 255 
128 45
0 8 16 23 32 38 48 53 64 68 80 83 96 98 112 113 129 130 131 132 133 134 135 136 137 138 139 140 141 142 143 144 145 160 162 176 179 192 196 208 213 224 230 240 247 
129 47
1 9 17 24 33 39 49 54 65 69 81 84 97 99 112 113 114 128 130 131 132 133 134 135 136 137 138 139 140 141 142 143 144 145 146 161 163 177 180 193 197 209 214 225 231 241 248 
130 49
2 10 18 25 34 40 50 55 66 70 82 85 96 98 100 113 114 115 128 129 131 132 133 134 135 136 137 138 139 140 141 142 143 145 146 147 160 162 164 178 181 194 198 210 215 226 232 242 249 
131 51
3 11 19 26 35 41 51 56 67 71 80 83 86 97 99 101 114 115 116 128 129 130 132 133 134 135 136 137 138 139 140 141 142 143 146 147 148 161 163 165 176 179 182 195 199 211 216 227 233 243 250 
132 53
4 12 20 27 36 42 52 57 64 68 72 81 84 87 98 100 102 115 116 117 128 129 130 131 133 134 135 136 137 138 139 140 141 142 143 147 148 149 162 164 166 177 180 183 192 196 200 212 217 228 234 244 251 
133 55
5 13 21 28 37 43 48 53 58 65 69 73 82 85 88 99 101 103 116 117 118 128 129 130 131 132 134 135 136 137 138 139 140 141 142 143 148 149 150 163 165 167 178 181 184 193 197 201 208 213 218 229 235 245 252 
134 57
6 14 22 29 32 38 44 49 54 59 66 70 74 83 86 89 100 102 104 117 118 119 128 129 130 131 132 133 135 136 137 138 139 140 141 142 143 149 150 151 164 166 168 179 182 185 194 198 202 209 214 219 224 230 236 246 253 
135 59
7 15 16 23 30 33 39 45 50 55 60 67 71 75 84 87 90 101 103 105 118 119 120 128 129 130 131 132 133 134 136 137 138 139 140 141 142 143 150 151 152 165 167 169 180 183 186 195 199 203 210 215 220 225 231 237 240 247 254 
136 59
0 8 17 24 31 34 40 46 51 56 61 68 72 76 85 88 91 102 104 106 119 120 121 128 129 130 131 132 133 134 135 137 138 139 140 141 142 143 151 152 153 166 168 170 181 184 187 196 200 204 211 216 221 226 232 238 241 248 255 
137 57
1 9 18 25 35 41 47 52 57 62 69 73 77 86 89 92 103 105 107 120 121 122 128 129 130 131 132 133 134 135 136 138 139 140 141 142 143 152 153 154 167 169 171 182 185 188 197 201 205 212 217 222 227 233 239 242 249 
138 55
2 10 19 26 36 42 53 58 63 70 74 78 87 90 93 104 106 108 121 122 123 128 129 130 131 132 133 134 135 136 137 139 140 141 142 143 153 154 155 168 170 172 183 186 189 198 202 206 213 218 223 228 234 243 250 
139 53
3 11 20 27 37 43 54 59 71 75 79 88 91 94 105 107 109 122 123 124 128 129 130 131 132 133 134 135 136 137 138 140 141 142 143 154 155 156 169 171 173 184 187 190 199 203 207 214 219 229 235 244 251 
140 51
4 12 21 28 38 44 55 60 72 76 89 92 95 106 108 110 123 124 125 128 129 130 131 132 133 134 135 136 137 138 139 141 142 143 155 156 157 170 172 174 185 188 191 200 204 215 220 230 236 245 252 
141 49
5 13 22 29 39 45 56 61 73 77 90 93 107 109 111 124 125 126 128 129 130 131 132 133 134 135 136 137 138 139 140 142 143 156 157 158 171 173 175 186 189 201 205 216 221 231 237 246 253 
142 47
6 14 23 30 40 46 57 62 74 78 91 94 108 110 125 126 127 128 129 130 131 132 133 134 135 136 137 138 139 140 141 143 157 158 159 172 174 187 190 202 206 217 222 232 238 247 254 
143 45
7 15 24 31 41 47 58 63 75 79 92 95 109 111 126 127 128 129 130 131 132 133 134 135 136 137 138 139 140 141 142 158 159 173 175 188 191 203 207 218 223 233 239 248 255 
144 45
0 9 16 24 32 39 48 54 64 69 80 84 96 99 112 114 128 129 145 146 147 148 149 150 151 152 153 154 155 156 157 158 159 160 161 176 178 192 195 208 212 224 229 240 246 
145 47
1 10 17 25 33 40 49 55 65 70 81 85 97 100 113 115 128 129 130 144 146 147 148 149 150 151 152 153 154 155 156 157 158 159 160 161 162 177 179 193 196 209 213 225 230 241 247 
146 49
2 11 18 26 34 41 50 56 66 71 82 86 98 101 112 114 116 129 130 131 144 145 147 148 149 150 151 152 153 154 155 156 157 158 159 161 162 163 176 178 180 194 197 210 214 226 231 242 248 
147 51
3 12 19 27 35 42 51 57 67 72 83 87 96 99 102 113 115 117 130 131 132 144 145 146 148 149 150 151 152 153 154 155 156 157 158 159 162 163 164 177 179 181 192 195 198 211 215 227 232 243 249 
148 53
4 13 20 28 36 43 52 58 68 73 80 84 88 97 100 103 114 116 118 131 132 133 144 145 146 147 149 150 151 152 153 154 155 156 157 158 159 163 164 165 178 180 182 193 196 199 208 212 216 228 233 244 250 
149 55
5 14 21 29 37 44 53 59 64 69 74 81 85 89 98 101 104 115 117 119 132 133 134 144 145 146 147 148 150 151 152 153 154 155 156 157 158 159 164 165 166 179 181 183 194 197 200 209 213 217 224 229 234 245 251 
150 57
6 15 22 30 38 45 48 54 60 65 70 75 82 86 90 99 102 105 116 118 120 133 134 135 144 145 146 147 148 149 151 152 153 154 155 156 157 158 159 165 166 167 180 182 184 195 198 201 210 214 218 225 230 235 240 246 252 
151 57
7 23 31 32 39 46 49 55 61 66 71 76 83 87 91 100 103 106 117 119 121 134 135 136 144 145 146 147 148 149 150 152 153 154 155 156 157 158 159 166 167 168 181 183 185 196 199 202 211 215 219 226 231 236 241 247 253 
152 57
8 16 24 33 40 47 50 56 62 67 72 77 84 88 92 101 104 107 118 120 122 135 136 137 144 145 146 147 148 149 150 151 153 154 155 156 157 158 159 167 168 169 182 184 186 197 200 203 212 216 220 227 232 237 242 248 254 
153 57
0 9 17 25 34 41 51 57 63 68 73 78 85 89 93 102 105 108 119 121 123 136 137 138 144 145 146 147 148 149 150 151 152 154 155 156 157 158 159 168 169 170 183 185 187 198 201 204 213 217 221 228 233 238 243 249 255 
154 55
1 10 18 26 35 42 52 58 69 74 79 86 90 94 103 106 109 120 122 124 137 138 139 144 145 146 147 148 149 150 151 152 153 155 156 157 158 159 169 170 171 184 186 188 199 202 205 214 218 222 229 234 239 244 250 
155 53
2 11 19 27 36 43 53 59 70 75 87 91 95 104 107 110 121 123 125 138 139 140 144 145 146 147 148 149 150 151 152 153 154 156 157 158 159 170 171 172 185 187 189 200 203 206 215 219 223 230 235 245 251 
156 51
3 12 20 28 37 44 54 60 71 76 88 92 105 108 111 122 124 126 139 140 141 144 145 146 147 148 149 150 151 152 153 154 155 157 158 159 171 172 173 186 188 190 201 204 207 216 220 231 236 246 252 
157 49
4 13 21 29 38 45 55 61 72 77 89 93 106 109 123 125 127 140 141 142 144 145 146 147 148 149 150 151 152 153 154 155 156 158 159 172 173 174 187 189 191 202 205 217 221 232 237 247 253 
158 47
5 14 22 30 39 46 56 62 73 78 90 94 107 110 124 126 141 142 143 144 145 146 147 148 149 150 151 152 153 154 155 156 157 159 173 174 175 188 190 203 206 218 222 233 238 248 254 
159 45
6 15 23 31 40 47 57 63 74 79 91 95 108 111 125 127 142 143 144 145 146 147 148 149 150 151 152 153 154 155 156 157 158 174 175 189 191 204 207 219 223 234 239 249 255 
160 45
0 10 16 25 32 40 48 55 64 70 80 85 96 100 112 115 128 130 144 145 161 162 163 164 165 166 167 168 169 170 171 172 173 174 175 176 177 192 194 208 211 224 228 240 245 
161 47
1 11 17 26 33 41 49 56 65 71 81 86 97 101 113 116 129 131 144 145 146 160 162 163 164 165 166 167 168 169 170 171 172 173 174 175 176 177 178 193 195 209 212 225 229 241 246 
162 49
2 12 18 27 34 42 50 57 66 72 82 87 98 102 114 117 128 130 132 145 146 147 160 161 163 164 165 166 167 168 169 170 171 172 173 174 175 177 178 179 192 194 196 210 213 226 230 242 247 
163 51
3 13 19 28 35 43 51 58 67 73 83 88 99 103 112 115 118 129 131 133 146 147 148 160 161 162 164 165 166 167 168 169 170 171 172 173 174 175 178 179 180 193 195 197 208 211 214 227 231 243 248 
164 53
4 14 20 29 36 44 52 59 68 74 84 89 96 100 104 113 116 119 130 132 134 147 148 149 160 161 162 163 165 166 167 168 169 170 171 172 173 174 175 179 180 181 194 196 198 209 212 215 224 228 232 244 249 
165 55
5 15 21 30 37 45 53 60 69 75 80 85 90 97 101 105 114 117 120 131 133 135 148 149 150 160 161 162 163 164 166 167 168 169 170 171 172 173 174 175 180 181 182 195 197 199 210 213 216 225 229 233 240 245 250 
166 55
6 22 31 38 46 54 61 64 70 76 81 86 91 98 102 106 115 118 121 132 134 136 149 150 151 160 161 162 163 164 165 167 168 169 170 171 172 173 174 175 181 182 183 196 198 200 211 214 217 226 230 234 241 246 251 
167 55
7 23 39 47 48 55 62 65 71 77 82 87 92 99 103 107 116 119 122 133 135 137 150 151 152 160 161 162 163 164 165 166 168 169 170 171 172 173 174 175 182 183 184 197 199 201 212 215 218 227 231 235 242 247 252 
168 55
8 24 32 40 49 56 63 66 72 78 83 88 93 100 104 108 117 120 123 134 136 138 151 152 153 160 161 162 163 164 165 166 167 169 170 171 172 173 174 175 183 184 185 198 200 202 213 216 219 228 232 236 243 248 253 
169 55
9 16 25 33 41 50 57 67 73 79 84 89 94 101 105 109 118 121 124 135 137 139 152 153 154 160 161 162 163 164 165 166 167 168 170 171 172 173 174 175 184 185 186 199 201 203 214 217 220 229 233 237 244 249 254 
170 55
0 10 17 26 34 42 51 58 68 74 85 90 95 102 106 110 119 122 125 136 138 140 153 154 155 160 161 162 163 164 165 166 167 168 169 171 172 173 174 175 185 186 187 200 202 204 215 218 221 230 234 238 245 250 255 
171 53
1 11 18 27 35 43 52 59 69 75 86 91 103 107 111 120 123 126 137 139 141 154 155 156 160 161 162 163 164 165 166 167 168 169 170 172 173 174 175 186 187 188 201 203 205 216 219 222 231 235 239 246 251 
172 51
2 12 19 28 36 44 53 60 70 76 87 92 104 108 121 124 127 138 140 142 155 156 157 160 161 162 163 164 165 166 167 168 169 170 171 173 174 175 187 188 189 202 204 206 217 220 223 232 236 247 252 
173 49
3 13 20 29 37 45 54 61 71 77 88 93 105 109 122 125 139 141 143 156 157 158 160 161 162 163 164 165 166 167 168 169 170 171 172 174 175 188 189 190 203 205 207 218 221 233 237 248 253 
174 47
4 14 21 30 38 46 55 62 72 78 89 94 106 110 123 126 140 142 157 158 159 160 161 162 163 164 165 166 167 168 169 170 171 172 173 175 189 190 191 204 206 219 222 234 238 249 254 
175 45
5 15 22 31 39 47 56 63 73 79 90 95 107 111 124 127 141 143 158 159 160 161 162 163 164 165 166 167 168 169 170 171 172 173 174 190 191 205 207 220 223 235 239 250 255 
176 45
0 11 16 26 32 41 48 56 64 71 80 86 96 101 112 116 128 131 144 146 160 161 177 178 179 180 181 182 183 184 185 186 187 188 189 190 191 192 193 208 210 224 227 240 244 
177 47
1 12 17 27 33 42 49 57 65 72 81 87 97 102 113 117 129 132 145 147 160 161 162 176 178 179 180 181 182 183 184 185 186 187 188 189 190 191 192 193 194 209 211 225 228 241 245 
178 49
2 13 18 28 34 43 50 58 66 73 82 88 98 103 114 118 130 133 144 146 148 161 162 163 176 177 179 180 181 182 183 184 185 186 187 188 189 190 191 193 194 195 208 210 212 226 229 242 246 
179 51
3 14 19 29 35 44 51 59 67 74 83 89 99 104 115 119 128 131 134 145 147 149 162 163 164 176 177 178 180 181 182 183 184 185 186 187 188 189 190 191 194 195 196 209 211 213 224 227 230 243 247 
180 53
4 15 20 30 36 45 52 60 68 75 84 90 100 105 112 116 120 129 132 135 146 148 150 163 164 165 176 177 178 179 181 182 183 184 185 186 187 188 189 190 191 195 196 197 210 212 214 225 228 231 240 244 248 
181 53
5 21 31 37 46 53 61 69 76 85 91 96 101 106 113 117 121 130 133 136 147 149 151 164 165 166 176 177 178 179 180 182 183 184 185 186 187 188 189 190 191 196 197 198 211 213 215 226 229 232 241 245 249 
182 53
6 22 38 47 54 62 70 77 80 86 92 97 102 107 114 118 122 131 134 137 148 150 152 165 166 167 176 177 178 179 180 181 183 184 185 186 187 188 189 190 191 197 198 199 212 214 216 227 230 233 242 246 250 
183 53
7 23 39 55 63 64 71 78 81 87 93 98 103 108 115 119 123 132 135 138 149 151 153 166 167 168 176 177 178 179 180 181 182 184 185 186 187 188 189 190 191 198 199 200 213 215 217 228 231 234 243 247 251 
184 53
8 24 40 48 56 65 72 79 82 88 94 99 104 109 116 120 124 133 136 139 150 152 154 167 168 169 176 177 178 179 180 181 182 183 185 186 187 188 189 190 191 199 200 201 214 216 218 229 232 235 244 248 252 
185 53
9 25 32 41 49 57 66 73 83 89 95 100 105 110 117 121 125 134 137 140 151 153 155 168 169 170 176 177 178 179 180 181 182 183 184 186 187 188 189 190 191 200 201 202 215 217 219 230 233 236 245 249 253 
186 53
10 16 26 33 42 50 58 67 74 84 90 101 106 111 118 122 126 135 138 141 152 154 156 169 170 171 176 177 178 179 180 181 182 183 184 185 187 188 189 190 191 201 202 203 216 218 220 231 234 237 246 250 254 
187 53
0 11 17 27 34 43 51 59 68 75 85 91 102 107 119 123 127 136 139 142 153 155 157 170 171 172 176 177 178 179 180 181 182 183 184 185 186 188 189 190 191 202 203 204 217 219 221 232 235 238 247 251 255 
188 51
1 12 18 28 35 44 52 60 69 76 86 92 103 108 120 124 137 140 143 154 156 158 171 172 173 176 177 178 179 180 181 182 183 184 185 186 187 189 190 191 203 204 205 218 220 222 233 236 239 248 252 
189 49
2 13 19 29 36 45 53 61 70 77 87 93 104 109 121 125 138 141 155 157 159 172 173 174 176 177 178 179 180 181 182 183 184 185 186 187 188 190 191 204 205 206 219 221 223 234 237 249 253 
190 47
3 14 20 30 37 46 54 62 71 78 88 94 105 110 122 126 139 142 156 158 173 174 175 176 177 178 179 180 181 182 183 184 185 186 187 188 189 191 205 206 207 220 222 235 238 250 254 
191 45
4 15 21 31 38 47 55 63 72 79 89 95 106 111 123 127 140 143 157 159 174 175 176 177 178 179 180 181 182 183 184 185 186 187 188 189 190 206 207 221 223 236 239 251 255 
192 45
0 12 16 27 32 42 48 57 64 72 80 87 96 102 112 117 128 132 144 147 160 162 176 177 193 194 195 196 197 198 199 200 201 202 203 204 205 206 207 208 209 224 226 240 243 
193 47
1 13 17 28 33 43 49 58 65 73 81 88 97 103 113 118 129 133 145 148 161 163 176 177 178 192 194 195 196 197 198 199 200 201 202 203 204 205 206 207 208 209 210 225 227 241 244 
194 49
2 14 18 29 34 44 50 59 66 74 82 89 98 104 114 119 130 134 146 149 160 162 164 177 178 179 192 193 195 196 197 198 199 200 201 202 203 204 205 206 207 209 210 211 224 226 228 242 245 
195 51
3 15 19 30 35 45 51 60 67 75 83 90 99 105 115 120 131 135 144 147 150 161 163 165 178 179 180 192 193 194 196 197 198 199 200 201 202 203 204 205 206 207 210 211 212 225 227 229 240 243 246 
196 51
4 20 31 36 46 52 61 68 76 84 91 100 106 116 121 128 132 136 145 148 151 162 164 166 179 180 181 192 193 194 195 197 198 199 200 201 202 203 204 205 206 207 211 212 213 226 228 230 241 244 247 
197 51
5 21 37 47 53 62 69 77 85 92 101 107 112 117 122 129 133 137 146 149 152 163 165 167 180 181 182 192 193 194 195 196 198 199 200 201 202 203 204 205 206 207 212 213 214 227 229 231 242 245 248 
198 51
6 22 38 54 63 70 78 86 93 96 102 108 113 118 123 130 134 138 147 150 153 164 166 168 181 182 183 192 193 194 195 196 197 199 200 201 202 203 204 205 206 207 213 214 215 228 230 232 243 246 249 
199 51
7 23 39 55 71 79 80 87 94 97 103 109 114 119 124 131 135 139 148 151 154 165 167 169 182 183 184 192 193 194 195 196 197 198 200 201 202 203 204 205 206 207 214 215 216 229 231 233 244 247 250 
200 51
8 24 40 56 64 72 81 88 95 98 104 110 115 120 125 132 136 140 149 152 155 166 168 170 183 184 185 192 193 194 195 196 197 198 199 201 202 203 204 205 206 207 215 216 217 230 232 234 245 248 251 
201 51
9 25 41 48 57 65 73 82 89 99 105 111 116 121 126 133 137 141 150 153 156 167 169 171 184 185 186 192 193 194 195 196 197 198 199 200 202 203 204 205 206 207 216 217 218 231 233 235 246 249 252 
202 51
10 26 32 42 49 58 66 74 83 90 100 106 117 122 127 134 138 142 151 154 157 168 170 172 185 186 187 192 193 194 195 196 197 198 199 200 201 203 204 205 206 207 217 218 219 232 234 236 247 250 253 
203 51
11 16 27 33 43 50 59 67 75 84 91 101 107 118 123 135 139 143 152 155 158 169 171 173 186 187 188 192 193 194 195 196 197 198 199 200 201 202 204 205 206 207 218 219 220 233 235 237 248 251 254 
204 51
0 12 17 28 34 44 51 60 68 76 85 92 102 108 119 124 136 140 153 156 159 170 172 174 187 188 189 192 193 194 195 196 197 198 199 200 201 202 203 205 206 207 219 220 221 234 236 238 249 252 255 
205 49
1 13 18 29 35 45 52 61 69 77 86 93 103 109 120 125 137 141 154 157 171 173 175 188 189 190 192 193 194 195 196 197 198 199 200 201 202 203 204 206 207 220 221 222 235 237 239 250 253 
206 47
2 14 19 30 36 46 53 62 70 78 87 94 104 110 121 126 138 142 155 158 172 174 189 190 191 192 193 194 195 196 197 198 199 200 201 202 203 204 205 207 221 222 223 236 238 251 254 
207 45
3 15 20 31 37 47 54 63 71 79 88 95 105 111 122 127 139 143 156 159 173 175 190 191 192 193 194 195 196 197 198 199 200 201 202 203 204 205 206 222 223 237 239 252 255 
208 45
0 13 16 28 32 43 48 58 64 73 80 88 96 103 112 118 128 133 144 148 160 163 176 178 192 193 209 210 211 212 213 214 215 216 217 218 219 220 221 222 223 224 225 240 242 
209 47
1 14 17 29 33 44 49 59 65 74 81 89 97 104 113 119 129 134 145 149 161 164 177 179 192 193 194 208 210 211 212 213 214 215 216 217 218 219 220 221 222 223 224 225 226 241 243 
210 49
2 15 18 30 34 45 50 60 66 75 82 90 98 105 114 120 130 135 146 150 162 165 176 178 180 193 194 195 208 209 211 212 213 214 215 216 217 218 219 220 221 222 223 225 226 227 240 242 244 
211 49
3 19 31 35 46 51 61 67 76 83 91 99 106 115 121 131 136 147 151 160 163 166 177 179 181 194 195 196 208 209 210 212 213 214 215 216 217 218 219 220 221 222 223 226 227 228 241 243 245 
212 49
4 20 36 47 52 62 68 77 84 92 100 107 116 122 132 137 144 148 152 161 164 167 178 180 182 195 196 197 208 209 210 211 213 214 215 216 217 218 219 220 221 222 223 227 228 229 242 244 246 
213 49
5 21 37 53 63 69 78 85 93 101 108 117 123 128 133 138 145 149 153 162 165 168 179 181 183 196 197 198 208 209 210 211 212 214 215 216 217 218 219 220 221 222 223 228 229 230 243 245 247 
214 49
6 22 38 54 70 79 86 94 102 109 112 118 124 129 134 139 146 150 154 163 166 169 180 182 184 197 198 199 208 209 210 211 212 213 215 216 217 218 219 220 221 222 223 229 230 231 244 246 248 
215 49
7 23 39 55 71 87 95 96 103 110 113 119 125 130 135 140 147 151 155 164 167 170 181 183 185 198 199 200 208 209 210 211 212 213 214 216 217 218 219 220 221 222 223 230 231 232 245 247 249 
216 49
8 24 40 56 72 80 88 97 104 111 114 120 126 131 136 141 148 152 156 165 168 171 182 184 186 199 200 201 208 209 210 211 212 213 214 215 217 218 219 220 221 222 223 231 232 233 246 248 250 
217 49
9 25 41 57 64 73 81 89 98 105 115 121 127 132 137 142 149 153 157 166 169 172 183 185 187 200 201 202 208 209 210 211 212 213 214 215 216 218 219 220 221 222 223 232 233 234 247 249 251 
218 49
10 26 42 48 58 65 74 82 90 99 106 116 122 133 138 143 150 154 158 167 170 173 184 186 188 201 202 203 208 209 210 211 212 213 214 215 216 217 219 220 221 222 223 233 234 235 248 250 252 
219 49
11 27 32 43 49 59 66 75 83 91 100 107 117 123 134 139 151 155 159 168 171 174 185 187 189 202 203 204 208 209 210 211 212 213 214 215 216 217 218 220 221 222 223 234 235 236 249 251 253 
220 49
12 16 28 33 44 50 60 67 76 84 92 101 108 118 124 135 140 152 156 169 172 175 186 188 190 203 204 205 208 209 210 211 212 213 214 215 216 217 218 219 221 222 223 235 236 237 250 252 254 
221 49
0 13 17 29 34 45 51 61 68 77 85 93 102 109 119 125 136 141 153 157 170 173 187 189 191 204 205 206 208 209 210 211 212 213 214 215 216 217 218 219 220 222 223 236 237 238 251 253 255 
222 47
1 14 18 30 35 46 52 62 69 78 86 94 103 110 120 126 137 142 154 158 171 174 188 190 205 206 207 208 209 210 211 212 213 214 215 216 217 218 219 220 221 223 237 238 239 252 254 
223 45
2 15 19 31 36 47 53 63 70 79 87 95 104 111 121 127 138 143 155 159 172 175 189 191 206 207 208 209 210 211 212 213 214 215 216 217 218 219 220 221 222 238 239 253 255 
224 45
0 14 16 29 32 44 48 59 64 74 80 89 96 104 112 119 128 134 144 149 160 164 176 179 192 194 208 209 225 226 227 228 229 230 231 232 233 234 235 236 237 238 239 240 241 
225 47
1 15 17 30 33 45 49 60 65 75 81 90 97 105 113 120 129 135 145 150 161 165 177 180 193 195 208 209 210 224 226 227 228 229 230 231 232 233 234 235 236 237 238 239 240 241 242 
226 47
2 18 31 34 46 50 61 66 76 82 91 98 106 114 121 130 136 146 151 162 166 178 181 192 194 196 209 210 211 224 225 227 228 229 230 231 232 233 234 235 236 237 238 239 241 242 243 
227 47
3 19 35 47 51 62 67 77 83 92 99 107 115 122 131 137 147 152 163 167 176 179 182 193 195 197 210 211 212 224 225 226 228 229 230 231 232 233 234 235 236 237 238 239 242 243 244 
228 47
4 20 36 52 63 68 78 84 93 100 108 116 123 132 138 148 153 160 164 168 177 180 183 194 196 198 211 212 213 224 225 226 227 229 230 231 232 233 234 235 236 237 238 239 243 244 245 
229 47
5 21 37 53 69 79 85 94 101 109 117 124 133 139 144 149 154 161 165 169 178 181 184 195 197 199 212 213 214 224 225 226 227 228 230 231 232 233 234 235 236 237 238 239 244 245 246 
230 47
6 22 38 54 70 86 95 102 110 118 125 128 134 140 145 150 155 162 166 170 179 182 185 196 198 200 213 214 215 224 225 226 227 228 229 231 232 233 234 235 236 237 238 239 245 246 247 
231 47
7 23 39 55 71 87 103 111 112 119 126 129 135 141 146 151 156 163 167 171 180 183 186 197 199 201 214 215 216 224 225 226 227 228 229 230 232 233 234 235 236 237 238 239 246 247 248 
232 47
8 24 40 56 72 88 96 104 113 120 127 130 136 142 147 152 157 164 168 172 181 184 187 198 200 202 215 216 217 224 225 226 227 228 229 230 231 233 234 235 236 237 238 239 247 248 249 
233 47
9 25 41 57 73 80 89 97 105 114 121 131 137 143 148 153 158 165 169 173 182 185 188 199 201 203 216 217 218 224 225 226 227 228 229 230 231 232 234 235 236 237 238 239 248 249 250 
234 47
10 26 42 58 64 74 81 90 98 106 115 122 132 138 149 154 159 166 170 174 183 186 189 200 202 204 217 218 219 224 225 226 227 228 229 230 231 232 233 235 236 237 238 239 249 250 251 
235 47
11 27 43 48 59 65 75 82 91 99 107 116 123 133 139 150 155 167 171 175 184 187 190 201 203 205 218 219 220 224 225 226 227 228 229 230 231 232 233 234 236 237 238 239 250 251 252 
236 47
12 28 32 44 49 60 66 76 83 92 100 108 117 124 134 140 151 156 168 172 185 188 191 202 204 206 219 220 221 224 225 226 227 228 229 230 231 232 233 234 235 237 238 239 251 252 253 
237 47
13 16 29 33 45 50 61 67 77 84 93 101 109 118 125 135 141 152 157 169 173 186 189 203 205 207 220 221 222 224 225 226 227 228 229 230 231 232 233 234 235 236 238 239 252 253 254 
238 47
0 14 17 30 34 46 51 62 68 78 85 94 102 110 119 126 136 142 153 158 170 174 187 190 204 206 221 222 223 224 225 226 227 228 229 230 231 232 233 234 235 236 237 239 253 254 255 
239 45
1 15 18 31 35 47 52 63 69 79 86 95 103 111 120 127 137 143 154 159 171 175 188 191 205 207 222 223 224 225 226 227 228 229 230 231 232 233 234 235 236 237 238 254 255 
240 45
0 15 16 30 32 45 48 60 64 75 80 90 96 105 112 120 128 135 144 150 160 165 176 180 192 195 208 210 224 225 241 242 243 244 245 246 247 248 249 250 251 252 253 254 255 
241 45
1 17 31 33 46 49 61 65 76 81 91 97 106 113 121 129 136 145 151 161 166 177 181 193 196 209 211 224 225 226 240 242 243 244 245 246 247 248 249 250 251 252 253 254 255 
242 45
2 18 34 47 50 62 66 77 82 92 98 107 114 122 130 137 146 152 162 167 178 182 194 197 208 210 212 225 226 227 240 241 243 244 245 246 247 248 249 250 251 252 253 254 255 
243 45
3 19 35 51 63 67 78 83 93 99 108 115 123 131 138 147 153 163 168 179 183 192 195 198 209 211 213 226 227 228 240 241 242 244 245 246 247 248 249 250 251 252 253 254 255 
244 45
4 20 36 52 68 79 84 94 100 109 116 124 132 139 148 154 164 169 176 180 184 193 196 199 210 212 214 227 228 229 240 241 242 243 245 246 247 248 249 250 251 252 253 254 255 
245 45
5 21 37 53 69 85 95 101 110 117 125 133 140 149 155 160 165 170 177 181 185 194 197 200 211 213 215 228 229 230 240 241 242 243 244 246 247 248 249 250 251 252 253 254 255 
246 45
6 22 38 54 70 86 102 111 118 126 134 141 144 150 156 161 166 171 178 182 186 195 198 201 212 214 216 229 230 231 240 241 242 243 244 245 247 248 249 250 251 252 253 254 255 
247 45
7 23 39 55 71 87 103 119 127 128 135 142 145 151 157 162 167 172 179 183 187 196 199 202 213 215 217 230 231 232 240 241 242 243 244 245 246 248 249 250 251 252 253 254 255 
248 45
8 24 40 56 72 88 104 112 120 129 136 143 146 152 158 163 168 173 180 184 188 197 200 203 214 216 218 231 232 233 240 241 242 243 244 245 246 247 249 250 251 252 253 254 255 
249 45
9 25 41 57 73 89 96 105 113 121 130 137 147 153 159 164 169 174 181 185 189 198 201 204 215 217 219 232 233 234 240 241 242 243 244 245 246 247 248 250 251 252 253 254 255 
250 45
10 26 42 58 74 80 90 97 106 114 122 131 138 148 154 165 170 175 182 186 190 199 202 205 216 218 220 233 234 235 240 241 242 243 244 245 246 247 248 249 251 252 253 254 255 
251 45
11 27 43 59 64 75 81 91 98 107 115 123 132 139 149 155 166 171 183 187 191 200 203 206 217 219 221 234 235 236 240 241 242 243 244 245 246 247 248 249 250 252 253 254 255 
252 45
12 28 44 48 60 65 76 82 92 99 108 116 124 133 140 150 156 167 172 184 188 201 204 207 218 220 222 235 236 237 240 241 242 243 244 245 246 247 248 249 250 251 253 254 255 
253 45
13 29 32 45 49 61 66 77 83 93 100 109 117 125 134 141 151 157 168 173 185 189 202 205 219 221 223 236 237 238 240 241 242 243 244 245 246 247 248 249 250 251 252 254 255 
254 45
14 16 30 33 46 50 62 67 78 84 94 101 110 118 126 135 142 152 158 169 174 186 190 203 206 220 222 237 238 239 240 241 242 243 244 245 246 247 248 249 250 251 252 253 255 
255 45
0 15 17 31 34 47 51 63 68 79 85 95 102 111 119 127 136 143 153 159 170 175 187 191 204 207 221 223 238 239 240 241 242 243 244 245 246 247 248 249 250 251 252 253 254 
