289

0 48
1 2 3 4 5 6 7 8 9 10 11 12 13 14 15 16 17 18 34 36 51 54 68 72 85 90 102 108 119 126 136 144 153 162 170 180 187 198 204 216 221 234 238 252 255 270 272 288 
1 48
0 2 3 4 5 6 7 8 9 10 11 12 13 14 15 16 17 18 19 35 37 52 55 69 73 86 91 103 109 120 127 137 145 154 163 171 181 188 199 205 217 222 235 239 253 256 271 273 
2 48
0 1 3 4 5 6 7 8 9 10 11 12 13 14 15 16 18 19 20 34 36 38 53 56 70 74 87 92 104 110 121 128 138 146 155 164 172 182 189 200 206 218 223 236 240 254 257 274 
3 48
0 1 2 4 5 6 7 8 9 10 11 12 13 14 15 16 19 20 21 35 37 39 51 54 57 71 75 88 93 105 111 122 129 139 147 156 165 173 183 190 201 207 219 224 237 241 258 275 
4 48
0 1 2 3 5 6 7 8 9 10 11 12 13 14 15 16 20 21 22 36 38 40 52 55 58 68 72 76 89 94 106 112 123 130 140 148 157 166 174 184 191 202 208 220 225 242 259 276 
5 48
0 1 2 3 4 6 7 8 9 10 11 12 13 14 15 16 21 22 23 37 39 41 53 56 59 69 73 77 85 90 95 107 113 124 131 141 149 158 167 175 185 192 203 209 226 243 260 277 
6 48
0 1 2 3 4 5 7 8 9 10 11 12 13 14 15 16 22 23 24 38 40 42 54 57 60 70 74 78 86 91 96 102 108 114 125 132 142 150 159 168 176 186 193 210 227 244 261 278 
7 48
0 1 2 3 4 5 6 8 9 10 11 12 13 14 15 16 23 24 25 39 41 43 55 58 61 71 75 79 87 92 97 103 109 115 119 126 133 143 151 160 169 177 194 211 228 245 262 279 
8 48
0 1 2 3 4 5 6 7 9 10 11 12 13 14 15 16 24 25 26 40 42 44 56 59 62 72 76 80 88 93 98 104 110 116 120 127 134 136 144 152 161 178 195 212 229 246 263 280 
9 48
0 1 2 3 4 5 6 7 8 10 11 12 13 14 15 16 25 26 27 41 43 45 57 60 63 73 77 81 89 94 99 105 111 117 121 128 135 137 145 153 162 179 196 213 230 247 264 281 
10 48
0 1 2 3 4 5 6 7 8 9 11 12 13 14 15 16 26 27 28 42 44 46 58 61 64 74 78 82 90 95 100 106 112 118 122 129 138 146 154 163 170 180 197 214 231 248 265 282 
11 48
0 1 2 3 4 5 6 7 8 9 10 12 13 14 15 16 27 28 29 43 45 47 59 62 65 75 79 83 91 96 101 107 113 123 130 139 147 155 164 171 181 187 198 215 232 249 266 283 
12 48
0 1 2 3 4 5 6 7 8 9 10 11 13 14 15 16 28 29 30 44 46 48 60 63 66 76 80 84 92 97 108 114 124 131 140 148 156 165 172 182 188 199 204 216 233 250 267 284 
13 48
0 1 2 3 4 5 6 7 8 9 10 11 12 14 15 16 29 30 31 45 47 49 61 64 67 77 81 93 98 109 115 125 132 141 149 157 166 173 183 189 200 205 217 221 234 251 268 285 
14 48
0 1 2 3 4 5 6 7 8 9 10 11 12 13 15 16 30 31 32 46 48 50 62 65 78 82 94 99 110 116 126 133 142 150 158 167 174 184 190 201 206 218 222 235 238 252 269 286 
15 48
0 1 2 3 4 5 6 7 8 9 10 11 12 13 14 16 31 32 33 47 49 63 66 79 83 95 100 111 117 127 134 143 151 159 168 175 185 191 202 207 219 223 236 239 253 255 270 287 
16 48
0 1 2 3 4 5 6 7 8 9 10 11 12 13 14 15 32 33 48 50 64 67 80 84 96 101 112 118 128 135 144 152 160 169 176 186 192 203 208 220 224 237 240 254 256 271 272 288 
17 48
0 1 18 19 20 21 22 23 24 25 26 27 28 29 30 31 32 33 34 35 51 53 68 71 85 89 102 107 119 125 136 143 153 161 170 179 187 197 204 215 221 233 238 251 255 269 272 287 
18 50
0 1 2 17 19 20 21 22 23 24 25 26 27 28 29 30 31 32 33 34 35 36 52 54 69 72 86 90 103 108 120 126 137 144 154 162 171 180 188 198 205 216 222 234 239 252 256 270 273 288 
19 50
1 2 3 17 18 20 21 22 23 24 25 26 27 28 29 30 31 32 33 35 36 37 51 53 55 70 73 87 91 104 109 121 127 138 145 155 163 172 181 189 199 206 217 223 235 240 253 257 271 274 
20 50
2 3 4 17 18 19 21 22 23 24 25 26 27 28 29 30 31 32 33 36 37 38 52 54 56 68 71 74 88 92 105 110 122 128 139 146 156 164 173 182 190 200 207 218 224 236 241 254 258 275 
21 50
3 4 5 17 18 19 20 22 23 24 25 26 27 28 29 30 31 32 33 37 38 39 53 55 57 69 72 75 85 89 93 106 111 123 129 140 147 157 165 174 183 191 201 208 219 225 237 242 259 276 
22 50
4 5 6 17 18 19 20 21 23 24 25 26 27 28 29 30 31 32 33 38 39 40 54 56 58 70 73 76 86 90 94 102 107 112 124 130 141 148 158 166 175 184 192 202 209 220 226 243 260 277 
23 50
5 6 7 17 18 19 20 21 22 24 25 26 27 28 29 30 31 32 33 39 40 41 55 57 59 71 74 77 87 91 95 103 108 113 119 125 131 142 149 159 167 176 185 193 203 210 227 244 261 278 
24 50
6 7 8 17 18 19 20 21 22 23 25 26 27 28 29 30 31 32 33 40 41 42 56 58 60 72 75 78 88 92 96 104 109 114 120 126 132 136 143 150 160 168 177 186 194 211 228 245 262 279 
25 50
7 8 9 17 18 19 20 21 22 23 24 26 27 28 29 30 31 32 33 41 42 43 57 59 61 73 76 79 89 93 97 105 110 115 121 127 133 137 144 151 153 161 169 178 195 212 229 246 263 280 
26 50
8 9 10 17 18 19 20 21 22 23 24 25 27 28 29 30 31 32 33 42 43 44 58 60 62 74 77 80 90 94 98 106 111 116 122 128 134 138 145 152 154 162 170 179 196 213 230 247 264 281 
27 50
9 10 11 17 18 19 20 21 22 23 24 25 26 28 29 30 31 32 33 43 44 45 59 61 63 75 78 81 91 95 99 107 112 117 123 129 135 139 146 155 163 171 180 187 197 214 231 248 265 282 
28 50
10 11 12 17 18 19 20 21 22 23 24 25 26 27 29 30 31 32 33 44 45 46 60 62 64 76 79 82 92 96 100 108 113 118 124 130 140 147 156 164 172 181 188 198 204 215 232 249 266 283 
29 50
11 12 13 17 18 19 20 21 22 23 24 25 26 27 28 30 31 32 33 45 46 47 61 63 65 77 80 83 93 97 101 109 114 125 131 141 148 157 165 173 182 189 199 205 216 221 233 250 267 284 
30 50
12 13 14 17 18 19 20 21 22 23 24 25 26 27 28 29 31 32 33 46 47 48 62 64 66 78 81 84 94 98 110 115 126 132 142 149 158 166 174 183 190 200 206 217 222 234 238 251 268 285 
31 50
13 14 15 17 18 19 20 21 22 23 24 25 26 27 28 29 30 32 33 47 48 49 63 65 67 79 82 95 99 111 116 127 133 143 150 159 167 175 184 191 201 207 218 223 235 239 252 255 269 286 
32 50
14 15 16 17 18 19 20 21 22 23 24 25 26 27 28 29 30 31 33 48 49 50 64 66 80 83 96 100 112 117 128 134 144 151 160 168 176 185 192 202 208 219 224 236 240 253 256 270 272 287 
33 48
15 16 17 18 19 20 21 22 23 24 25 26 27 28 29 30 31 32 49 50 65 67 81 84 97 101 113 118 129 135 145 152 161 169 177 186 193 203 209 220 225 237 241 254 257 271 273 288 
34 48
0 2 17 18 35 36 37 38 39 40 41 42 43 44 45 46 47 48 49 50 51 52 68 70 85 88 102 106 119 124 136 142 153 160 170 178 187 196 204 214 221 232 238 250 255 268 272 286 
35 50
1 3 17 18 19 34 36 37 38 39 40 41 42 43 44 45 46 47 48 49 50 51 52 53 69 71 86 89 103 107 120 125 137 143 154 161 171 179 188 197 205 215 222 233 239 251 256 269 273 287 
36 52
0 2 4 18 19 20 34 35 37 38 39 40 41 42 43 44 45 46 47 48 49 50 52 53 54 68 70 72 87 90 104 108 121 126 138 144 155 162 172 180 189 198 206 216 223 234 240 252 257 270 274 288 
37 52
1 3 5 19 20 21 34 35 36 38 39 40 41 42 43 44 45 46 47 48 49 50 53 54 55 69 71 73 85 88 91 105 109 122 127 139 145 156 163 173 181 190 199 207 217 224 235 241 253 258 271 275 
38 52
2 4 6 20 21 22 34 35 36 37 39 40 41 42 43 44 45 46 47 48 49 50 54 55 56 70 72 74 86 89 92 102 106 110 123 128 140 146 157 164 174 182 191 200 208 218 225 236 242 254 259 276 
39 52
3 5 7 21 22 23 34 35 36 37 38 40 41 42 43 44 45 46 47 48 49 50 55 56 57 71 73 75 87 90 93 103 107 111 119 124 129 141 147 158 165 175 183 192 201 209 219 226 237 243 260 277 
40 52
4 6 8 22 23 24 34 35 36 37 38 39 41 42 43 44 45 46 47 48 49 50 56 57 58 72 74 76 88 91 94 104 108 112 120 125 130 136 142 148 159 166 176 184 193 202 210 220 227 244 261 278 
41 52
5 7 9 23 24 25 34 35 36 37 38 39 40 42 43 44 45 46 47 48 49 50 57 58 59 73 75 77 89 92 95 105 109 113 121 126 131 137 143 149 153 160 167 177 185 194 203 211 228 245 262 279 
42 52
6 8 10 24 25 26 34 35 36 37 38 39 40 41 43 44 45 46 47 48 49 50 58 59 60 74 76 78 90 93 96 106 110 114 122 127 132 138 144 150 154 161 168 170 178 186 195 212 229 246 263 280 
43 52
7 9 11 25 26 27 34 35 36 37 38 39 40 41 42 44 45 46 47 48 49 50 59 60 61 75 77 79 91 94 97 107 111 115 123 128 133 139 145 151 155 162 169 171 179 187 196 213 230 247 264 281 
44 52
8 10 12 26 27 28 34 35 36 37 38 39 40 41 42 43 45 46 47 48 49 50 60 61 62 76 78 80 92 95 98 108 112 116 124 129 134 140 146 152 156 163 172 180 188 197 204 214 231 248 265 282 
45 52
9 11 13 27 28 29 34 35 36 37 38 39 40 41 42 43 44 46 47 48 49 50 61 62 63 77 79 81 93 96 99 109 113 117 125 130 135 141 147 157 164 173 181 189 198 205 215 221 232 249 266 283 
46 52
10 12 14 28 29 30 34 35 36 37 38 39 40 41 42 43 44 45 47 48 49 50 62 63 64 78 80 82 94 97 100 110 114 118 126 131 142 148 158 165 174 182 190 199 206 216 222 233 238 250 267 284 
47 52
11 13 15 29 30 31 34 35 36 37 38 39 40 41 42 43 44 45 46 48 49 50 63 64 65 79 81 83 95 98 101 111 115 127 132 143 149 159 166 175 183 191 200 207 217 223 234 239 251 255 268 285 
48 52
12 14 16 30 31 32 34 35 36 37 38 39 40 41 42 43 44 45 46 47 49 50 64 65 66 80 82 84 96 99 112 116 128 133 144 150 160 167 176 184 192 201 208 218 224 235 240 252 256 269 272 286 
49 50
13 15 31 32 33 34 35 36 37 38 39 40 41 42 43 44 45 46 47 48 50 65 66 67 81 83 97 100 113 117 129 134 145 151 161 168 177 185 193 202 209 219 225 236 241 253 257 270 273 287 
50 48
14 16 32 33 34 35 36 37 38 39 40 41 42 43 44 45 46 47 48 49 66 67 82 84 98 101 114 118 130 135 146 152 162 169 178 186 194 203 210 220 226 237 242 254 258 271 274 288 
51 48
0 3 17 19 34 35 52 53 54 55 56 57 58 59 60 61 62 63 64 65 66 67 68 69 85 87 102 105 119 123 136 141 153 159 170 177 187 195 204 213 221 231 238 249 255 267 272 285 
52 50
1 4 18 20 34 35 36 51 53 54 55 56 57 58 59 60 61 62 63 64 65 66 67 68 69 70 86 88 103 106 120 124 137 142 154 160 171 178 188 196 205 214 222 232 239 250 256 268 273 286 
53 52
2 5 17 19 21 35 36 37 51 52 54 55 56 57 58 59 60 61 62 63 64 65 66 67 69 70 71 85 87 89 104 107 121 125 138 143 155 161 172 179 189 197 206 215 223 233 240 251 257 269 274 287 
54 54
0 3 6 18 20 22 36 37 38 51 52 53 55 56 57 58 59 60 61 62 63 64 65 66 67 70 71 72 86 88 90 102 105 108 122 126 139 144 156 162 173 180 190 198 207 216 224 234 241 252 258 270 275 288 
55 54
1 4 7 19 21 23 37 38 39 51 52 53 54 56 57 58 59 60 61 62 63 64 65 66 67 71 72 73 87 89 91 103 106 109 119 123 127 140 145 157 163 174 181 191 199 208 217 225 235 242 253 259 271 276 
56 54
2 5 8 20 22 24 38 39 40 51 52 53 54 55 57 58 59 60 61 62 63 64 65 66 67 72 73 74 88 90 92 104 107 110 120 124 128 136 141 146 158 164 175 182 192 200 209 218 226 236 243 254 260 277 
57 54
3 6 9 21 23 25 39 40 41 51 52 53 54 55 56 58 59 60 61 62 63 64 65 66 67 73 74 75 89 91 93 105 108 111 121 125 129 137 142 147 153 159 165 176 183 193 201 210 219 227 237 244 261 278 
58 54
4 7 10 22 24 26 40 41 42 51 52 53 54 55 56 57 59 60 61 62 63 64 65 66 67 74 75 76 90 92 94 106 109 112 122 126 130 138 143 148 154 160 166 170 177 184 194 202 211 220 228 245 262 279 
59 54
5 8 11 23 25 27 41 42 43 51 52 53 54 55 56 57 58 60 61 62 63 64 65 66 67 75 76 77 91 93 95 107 110 113 123 127 131 139 144 149 155 161 167 171 178 185 187 195 203 212 229 246 263 280 
60 54
6 9 12 24 26 28 42 43 44 51 52 53 54 55 56 57 58 59 61 62 63 64 65 66 67 76 77 78 92 94 96 108 111 114 124 128 132 140 145 150 156 162 168 172 179 186 188 196 204 213 230 247 264 281 
61 54
7 10 13 25 27 29 43 44 45 51 52 53 54 55 56 57 58 59 60 62 63 64 65 66 67 77 78 79 93 95 97 109 112 115 125 129 133 141 146 151 157 163 169 173 180 189 197 205 214 221 231 248 265 282 
62 54
8 11 14 26 28 30 44 45 46 51 52 53 54 55 56 57 58 59 60 61 63 64 65 66 67 78 79 80 94 96 98 110 113 116 126 130 134 142 147 152 158 164 174 181 190 198 206 215 222 232 238 249 266 283 
63 54
9 12 15 27 29 31 45 46 47 51 52 53 54 55 56 57 58 59 60 61 62 64 65 66 67 79 80 81 95 97 99 111 114 117 127 131 135 143 148 159 165 175 182 191 199 207 216 223 233 239 250 255 267 284 
64 54
10 13 16 28 30 32 46 47 48 51 52 53 54 55 56 57 58 59 60 61 62 63 65 66 67 80 81 82 96 98 100 112 115 118 128 132 144 149 160 166 176 183 192 200 208 217 224 234 240 251 256 268 272 285 
65 52
11 14 29 31 33 47 48 49 51 52 53 54 55 56 57 58 59 60 61 62 63 64 66 67 81 82 83 97 99 101 113 116 129 133 145 150 161 167 177 184 193 201 209 218 225 235 241 252 257 269 273 286 
66 50
12 15 30 32 48 49 50 51 52 53 54 55 56 57 58 59 60 61 62 63 64 65 67 82 83 84 98 100 114 117 130 134 146 151 162 168 178 185 194 202 210 219 226 236 242 253 258 270 274 287 
67 48
13 16 31 33 49 50 51 52 53 54 55 56 57 58 59 60 61 62 63 64 65 66 83 84 99 101 115 118 131 135 147 152 163 169 179 186 195 203 211 220 227 237 243 254 259 271 275 288 
68 48
0 4 17 20 34 36 51 52 69 70 71 72 73 74 75 76 77 78 79 80 81 82 83 84 85 86 102 104 119 122 136 140 153 158 170 176 187 194 204 212 221 230 238 248 255 266 272 284 
69 50
1 5 18 21 35 37 51 52 53 68 70 71 72 73 74 75 76 77 78 79 80 81 82 83 84 85 86 87 103 105 120 123 137 141 154 159 171 177 188 195 205 213 222 231 239 249 256 267 273 285 
70 52
2 6 19 22 34 36 38 52 53 54 68 69 71 72 73 74 75 76 77 78 79 80 81 82 83 84 86 87 88 102 104 106 121 124 138 142 155 160 172 178 189 196 206 214 223 232 240 250 257 268 274 286 
71 54
3 7 17 20 23 35 37 39 53 54 55 68 69 70 72 73 74 75 76 77 78 79 80 81 82 83 84 87 88 89 103 105 107 119 122 125 139 143 156 161 173 179 190 197 207 215 224 233 241 251 258 269 275 287 
72 56
0 4 8 18 21 24 36 38 40 54 55 56 68 69 70 71 73 74 75 76 77 78 79 80 81 82 83 84 88 89 90 104 106 108 120 123 126 136 140 144 157 162 174 180 191 198 208 216 225 234 242 252 259 270 276 288 
73 56
1 5 9 19 22 25 37 39 41 55 56 57 68 69 70 71 72 74 75 76 77 78 79 80 81 82 83 84 89 90 91 105 107 109 121 124 127 137 141 145 153 158 163 175 181 192 199 209 217 226 235 243 253 260 271 277 
74 56
2 6 10 20 23 26 38 40 42 56 57 58 68 69 70 71 72 73 75 76 77 78 79 80 81 82 83 84 90 91 92 106 108 110 122 125 128 138 142 146 154 159 164 170 176 182 193 200 210 218 227 236 244 254 261 278 
75 56
3 7 11 21 24 27 39 41 43 57 58 59 68 69 70 71 72 73 74 76 77 78 79 80 81 82 83 84 91 92 93 107 109 111 123 126 129 139 143 147 155 160 165 171 177 183 187 194 201 211 219 228 237 245 262 279 
76 56
4 8 12 22 25 28 40 42 44 58 59 60 68 69 70 71 72 73 74 75 77 78 79 80 81 82 83 84 92 93 94 108 110 112 124 127 130 140 144 148 156 161 166 172 178 184 188 195 202 204 212 220 229 246 263 280 
77 56
5 9 13 23 26 29 41 43 45 59 60 61 68 69 70 71 72 73 74 75 76 78 79 80 81 82 83 84 93 94 95 109 111 113 125 128 131 141 145 149 157 162 167 173 179 185 189 196 203 205 213 221 230 247 264 281 
78 56
6 10 14 24 27 30 42 44 46 60 61 62 68 69 70 71 72 73 74 75 76 77 79 80 81 82 83 84 94 95 96 110 112 114 126 129 132 142 146 150 158 163 168 174 180 186 190 197 206 214 222 231 238 248 265 282 
79 56
7 11 15 25 28 31 43 45 47 61 62 63 68 69 70 71 72 73 74 75 76 77 78 80 81 82 83 84 95 96 97 111 113 115 127 130 133 143 147 151 159 164 169 175 181 191 198 207 215 223 232 239 249 255 266 283 
80 56
8 12 16 26 29 32 44 46 48 62 63 64 68 69 70 71 72 73 74 75 76 77 78 79 81 82 83 84 96 97 98 112 114 116 128 131 134 144 148 152 160 165 176 182 192 199 208 216 224 233 240 250 256 267 272 284 
81 54
9 13 27 30 33 45 47 49 63 64 65 68 69 70 71 72 73 74 75 76 77 78 79 80 82 83 84 97 98 99 113 115 117 129 132 135 145 149 161 166 177 183 193 200 209 217 225 234 241 251 257 268 273 285 
82 52
10 14 28 31 46 48 50 64 65 66 68 69 70 71 72 73 74 75 76 77 78 79 80 81 83 84 98 99 100 114 116 118 130 133 146 150 162 167 178 184 194 201 210 218 226 235 242 252 258 269 274 286 
83 50
11 15 29 32 47 49 65 66 67 68 69 70 71 72 73 74 75 76 77 78 79 80 81 82 84 99 100 101 115 117 131 134 147 151 163 168 179 185 195 202 211 219 227 236 243 253 259 270 275 287 
84 48
12 16 30 33 48 50 66 67 68 69 70 71 72 73 74 75 76 77 78 79 80 81 82 83 100 101 116 118 132 135 148 152 164 169 180 186 196 203 212 220 228 237 244 254 260 271 276 288 
85 48
0 5 17 21 34 37 51 53 68 69 86 87 88 89 90 91 92 93 94 95 96 97 98 99 100 101 102 103 119 121 136 139 153 157 170 175 187 193 204 211 221 229 238 247 255 265 272 283 
86 50
1 6 18 22 35 38 52 54 68 69 70 85 87 88 89 90 91 92 93 94 95 96 97 98 99 100 101 102 103 104 120 122 137 140 154 158 171 176 188 194 205 212 222 230 239 248 256 266 273 284 
87 52
2 7 19 23 36 39 51 53 55 69 70 71 85 86 88 89 90 91 92 93 94 95 96 97 98 99 100 101 103 104 105 119 121 123 138 141 155 159 172 177 189 195 206 213 223 231 240 249 257 267 274 285 
88 54
3 8 20 24 34 37 40 52 54 56 70 71 72 85 86 87 89 90 91 92 93 94 95 96 97 98 99 100 101 104 105 106 120 122 124 136 139 142 156 160 173 178 190 196 207 214 224 232 241 250 258 268 275 286 
89 56
4 9 17 21 25 35 38 41 53 55 57 71 72 73 85 86 87 88 90 91 92 93 94 95 96 97 98 99 100 101 105 106 107 121 123 125 137 140 143 153 157 161 174 179 191 197 208 215 225 233 242 251 259 269 276 287 
90 58
0 5 10 18 22 26 36 39 42 54 56 58 72 73 74 85 86 87 88 89 91 92 93 94 95 96 97 98 99 100 101 106 107 108 122 124 126 138 141 144 154 158 162 170 175 180 192 198 209 216 226 234 243 252 260 270 277 288 
91 58
1 6 11 19 23 27 37 40 43 55 57 59 73 74 75 85 86 87 88 89 90 92 93 94 95 96 97 98 99 100 101 107 108 109 123 125 127 139 142 145 155 159 163 171 176 181 187 193 199 210 217 227 235 244 253 261 271 278 
92 58
2 7 12 20 24 28 38 41 44 56 58 60 74 75 76 85 86 87 88 89 90 91 93 94 95 96 97 98 99 100 101 108 109 110 124 126 128 140 143 146 156 160 164 172 177 182 188 194 200 204 211 218 228 236 245 254 262 279 
93 58
3 8 13 21 25 29 39 42 45 57 59 61 75 76 77 85 86 87 88 89 90 91 92 94 95 96 97 98 99 100 101 109 110 111 125 127 129 141 144 147 157 161 165 173 178 183 189 195 201 205 212 219 221 229 237 246 263 280 
94 58
4 9 14 22 26 30 40 43 46 58 60 62 76 77 78 85 86 87 88 89 90 91 92 93 95 96 97 98 99 100 101 110 111 112 126 128 130 142 145 148 158 162 166 174 179 184 190 196 202 206 213 220 222 230 238 247 264 281 
95 58
5 10 15 23 27 31 41 44 47 59 61 63 77 78 79 85 86 87 88 89 90 91 92 93 94 96 97 98 99 100 101 111 112 113 127 129 131 143 146 149 159 163 167 175 180 185 191 197 203 207 214 223 231 239 248 255 265 282 
96 58
6 11 16 24 28 32 42 45 48 60 62 64 78 79 80 85 86 87 88 89 90 91 92 93 94 95 97 98 99 100 101 112 113 114 128 130 132 144 147 150 160 164 168 176 181 186 192 198 208 215 224 232 240 249 256 266 272 283 
97 56
7 12 25 29 33 43 46 49 61 63 65 79 80 81 85 86 87 88 89 90 91 92 93 94 95 96 98 99 100 101 113 114 115 129 131 133 145 148 151 161 165 169 177 182 193 199 209 216 225 233 241 250 257 267 273 284 
98 54
8 13 26 30 44 47 50 62 64 66 80 81 82 85 86 87 88 89 90 91 92 93 94 95 96 97 99 100 101 114 115 116 130 132 134 146 149 152 162 166 178 183 194 200 210 217 226 234 242 251 258 268 274 285 
99 52
9 14 27 31 45 48 63 65 67 81 82 83 85 86 87 88 89 90 91 92 93 94 95 96 97 98 100 101 115 116 117 131 133 135 147 150 163 167 179 184 195 201 211 218 227 235 243 252 259 269 275 286 
100 50
10 15 28 32 46 49 64 66 82 83 84 85 86 87 88 89 90 91 92 93 94 95 96 97 98 99 101 116 117 118 132 134 148 151 164 168 180 185 196 202 212 219 228 236 244 253 260 270 276 287 
101 48
11 16 29 33 47 50 65 67 83 84 85 86 87 88 89 90 91 92 93 94 95 96 97 98 99 100 117 118 133 135 149 152 165 169 181 186 197 203 213 220 229 237 245 254 261 271 277 288 
102 48
0 6 17 22 34 38 51 54 68 70 85 86 103 104 105 106 107 108 109 110 111 112 113 114 115 116 117 118 119 120 136 138 153 156 170 174 187 192 204 210 221 228 238 246 255 264 272 282 
103 50
1 7 18 23 35 39 52 55 69 71 85 86 87 102 104 105 106 107 108 109 110 111 112 113 114 115 116 117 118 119 120 121 137 139 154 157 171 175 188 193 205 211 222 229 239 247 256 265 273 283 
104 52
2 8 19 24 36 40 53 56 68 70 72 86 87 88 102 103 105 106 107 108 109 110 111 112 113 114 115 116 117 118 120 121 122 136 138 140 155 158 172 176 189 194 206 212 223 230 240 248 257 266 274 284 
105 54
3 9 20 25 37 41 51 54 57 69 71 73 87 88 89 102 103 104 106 107 108 109 110 111 112 113 114 115 116 117 118 121 122 123 137 139 141 153 156 159 173 177 190 195 207 213 224 231 241 249 258 267 275 285 
106 56
4 10 21 26 34 38 42 52 55 58 70 72 74 88 89 90 102 103 104 105 107 108 109 110 111 112 113 114 115 116 117 118 122 123 124 138 140 142 154 157 160 170 174 178 191 196 208 214 225 232 242 250 259 268 276 286 
107 58
5 11 17 22 27 35 39 43 53 56 59 71 73 75 89 90 91 102 103 104 105 106 108 109 110 111 112 113 114 115 116 117 118 123 124 125 139 141 143 155 158 161 171 175 179 187 192 197 209 215 226 233 243 251 260 269 277 287 
108 60
0 6 12 18 23 28 36 40 44 54 57 60 72 74 76 90 91 92 102 103 104 105 106 107 109 110 111 112 113 114 115 116 117 118 124 125 126 140 142 144 156 159 162 172 176 180 188 193 198 204 210 216 227 234 244 252 261 270 278 288 
109 60
1 7 13 19 24 29 37 41 45 55 58 61 73 75 77 91 92 93 102 103 104 105 106 107 108 110 111 112 113 114 115 116 117 118 125 126 127 141 143 145 157 160 163 173 177 181 189 194 199 205 211 217 221 228 235 245 253 262 271 279 
110 60
2 8 14 20 25 30 38 42 46 56 59 62 74 76 78 92 93 94 102 103 104 105 106 107 108 109 111 112 113 114 115 116 117 118 126 127 128 142 144 146 158 161 164 174 178 182 190 195 200 206 212 218 222 229 236 238 246 254 263 280 
111 60
3 9 15 21 26 31 39 43 47 57 60 63 75 77 79 93 94 95 102 103 104 105 106 107 108 109 110 112 113 114 115 116 117 118 127 128 129 143 145 147 159 162 165 175 179 183 191 196 201 207 213 219 223 230 237 239 247 255 264 281 
112 60
4 10 16 22 27 32 40 44 48 58 61 64 76 78 80 94 95 96 102 103 104 105 106 107 108 109 110 111 113 114 115 116 117 118 128 129 130 144 146 148 160 163 166 176 180 184 192 197 202 208 214 220 224 231 240 248 256 265 272 282 
113 58
5 11 23 28 33 41 45 49 59 62 65 77 79 81 95 96 97 102 103 104 105 106 107 108 109 110 111 112 114 115 116 117 118 129 130 131 145 147 149 161 164 167 177 181 185 193 198 203 209 215 225 232 241 249 257 266 273 283 
114 56
6 12 24 29 42 46 50 60 63 66 78 80 82 96 97 98 102 103 104 105 106 107 108 109 110 111 112 113 115 116 117 118 130 131 132 146 148 150 162 165 168 178 182 186 194 199 210 216 226 233 242 250 258 267 274 284 
115 54
7 13 25 30 43 47 61 64 67 79 81 83 97 98 99 102 103 104 105 106 107 108 109 110 111 112 113 114 116 117 118 131 132 133 147 149 151 163 166 169 179 183 195 200 211 217 227 234 243 251 259 268 275 285 
116 52
8 14 26 31 44 48 62 65 80 82 84 98 99 100 102 103 104 105 106 107 108 109 110 111 112 113 114 115 117 118 132 133 134 148 150 152 164 167 180 184 196 201 212 218 228 235 244 252 260 269 276 286 
117 50
9 15 27 32 45 49 63 66 81 83 99 100 101 102 103 104 105 106 107 108 109 110 111 112 113 114 115 116 118 133 134 135 149 151 165 168 181 185 197 202 213 219 229 236 245 253 261 270 277 287 
118 48
10 16 28 33 46 50 64 67 82 84 100 101 102 103 104 105 106 107 108 109 110 111 112 113 114 115 116 117 134 135 150 152 166 169 182 186 198 203 214 220 230 237 246 254 262 271 278 288 
119 48
0 7 17 23 34 39 51 55 68 71 85 87 102 103 120 121 122 123 124 125 126 127 128 129 130 131 132 133 134 135 136 137 153 155 170 173 187 191 204 209 221 227 238 245 255 263 272 281 
120 50
1 8 18 24 35 40 52 56 69 72 86 88 102 103 104 119 121 122 123 124 125 126 127 128 129 130 131 132 133 134 135 136 137 138 154 156 171 174 188 192 205 210 222 228 239 246 256 264 273 282 
121 52
2 9 19 25 36 41 53 57 70 73 85 87 89 103 104 105 119 120 122 123 124 125 126 127 128 129 130 131 132 133 134 135 137 138 139 153 155 157 172 175 189 193 206 211 223 229 240 247 257 265 274 283 
122 54
3 10 20 26 37 42 54 58 68 71 74 86 88 90 104 105 106 119 120 121 123 124 125 126 127 128 129 130 131 132 133 134 135 138 139 140 154 156 158 170 173 176 190 194 207 212 224 230 241 248 258 266 275 284 
123 56
4 11 21 27 38 43 51 55 59 69 72 75 87 89 91 105 106 107 119 120 121 122 124 125 126 127 128 129 130 131 132 133 134 135 139 140 141 155 157 159 171 174 177 187 191 195 208 213 225 231 242 249 259 267 276 285 
124 58
5 12 22 28 34 39 44 52 56 60 70 73 76 88 90 92 106 107 108 119 120 121 122 123 125 126 127 128 129 130 131 132 133 134 135 140 141 142 156 158 160 172 175 178 188 192 196 204 209 214 226 232 243 250 260 268 277 286 
125 60
6 13 17 23 29 35 40 45 53 57 61 71 74 77 89 91 93 107 108 109 119 120 121 122 123 124 126 127 128 129 130 131 132 133 134 135 141 142 143 157 159 161 173 176 179 189 193 197 205 210 215 221 227 233 244 251 261 269 278 287 
126 62
0 7 14 18 24 30 36 41 46 54 58 62 72 75 78 90 92 94 108 109 110 119 120 121 122 123 124 125 127 128 129 130 131 132 133 134 135 142 143 144 158 160 162 174 177 180 190 194 198 206 211 216 222 228 234 238 245 252 262 270 279 288 
127 62
1 8 15 19 25 31 37 42 47 55 59 63 73 76 79 91 93 95 109 110 111 119 120 121 122 123 124 125 126 128 129 130 131 132 133 134 135 143 144 145 159 161 163 175 178 181 191 195 199 207 212 217 223 229 235 239 246 253 255 263 271 280 
128 62
2 9 16 20 26 32 38 43 48 56 60 64 74 77 80 92 94 96 110 111 112 119 120 121 122 123 124 125 126 127 129 130 131 132 133 134 135 144 145 146 160 162 164 176 179 182 192 196 200 208 213 218 224 230 236 240 247 254 256 264 272 281 
129 60
3 10 21 27 33 39 44 49 57 61 65 75 78 81 93 95 97 111 112 113 119 120 121 122 123 124 125 126 127 128 130 131 132 133 134 135 145 146 147 161 163 165 177 180 183 193 197 201 209 214 219 225 231 237 241 248 257 265 273 282 
130 58
4 11 22 28 40 45 50 58 62 66 76 79 82 94 96 98 112 113 114 119 120 121 122 123 124 125 126 127 128 129 131 132 133 134 135 146 147 148 162 164 166 178 181 184 194 198 202 210 215 220 226 232 242 249 258 266 274 283 
131 56
5 12 23 29 41 46 59 63 67 77 80 83 95 97 99 113 114 115 119 120 121 122 123 124 125 126 127 128 129 130 132 133 134 135 147 148 149 163 165 167 179 182 185 195 199 203 211 216 227 233 243 250 259 267 275 284 
132 54
6 13 24 30 42 47 60 64 78 81 84 96 98 100 114 115 116 119 120 121 122 123 124 125 126 127 128 129 130 131 133 134 135 148 149 150 164 166 168 180 183 186 196 200 212 217 228 234 244 251 260 268 276 285 
133 52
7 14 25 31 43 48 61 65 79 82 97 99 101 115 116 117 119 120 121 122 123 124 125 126 127 128 129 130 131 132 134 135 149 150 151 165 167 169 181 184 197 201 213 218 229 235 245 252 261 269 277 286 
134 50
8 15 26 32 44 49 62 66 80 83 98 100 116 117 118 119 120 121 122 123 124 125 126 127 128 129 130 131 132 133 135 150 151 152 166 168 182 185 198 202 214 219 230 236 246 253 262 270 278 287 
135 48
9 16 27 33 45 50 63 67 81 84 99 101 117 118 119 120 121 122 123 124 125 126 127 128 129 130 131 132 133 134 151 152 167 169 183 186 199 203 215 220 231 237 247 254 263 271 279 288 
136 48
0 8 17 24 34 40 51 56 68 72 85 88 102 104 119 120 137 138 139 140 141 142 143 144 145 146 147 148 149 150 151 152 153 154 170 172 187 190 204 208 221 226 238 244 255 262 272 280 
137 50
1 9 18 25 35 41 52 57 69 73 86 89 103 105 119 120 121 136 138 139 140 141 142 143 144 145 146 147 148 149 150 151 152 153 154 155 171 173 188 191 205 209 222 227 239 245 256 263 273 281 
138 52
2 10 19 26 36 42 53 58 70 74 87 90 102 104 106 120 121 122 136 137 139 140 141 142 143 144 145 146 147 148 149 150 151 152 154 155 156 170 172 174 189 192 206 210 223 228 240 246 257 264 274 282 
139 54
3 11 20 27 37 43 54 59 71 75 85 88 91 103 105 107 121 122 123 136 137 138 140 141 142 143 144 145 146 147 148 149 150 151 152 155 156 157 171 173 175 187 190 193 207 211 224 229 241 247 258 265 275 283 
140 56
4 12 21 28 38 44 55 60 68 72 76 86 89 92 104 106 108 122 123 124 136 137 138 139 141 142 143 144 145 146 147 148 149 150 151 152 156 157 158 172 174 176 188 191 194 204 208 212 225 230 242 248 259 266 276 284 
141 58
5 13 22 29 39 45 51 56 61 69 73 77 87 90 93 105 107 109 123 124 125 136 137 138 139 140 142 143 144 145 146 147 148 149 150 151 152 157 158 159 173 175 177 189 192 195 205 209 213 221 226 231 243 249 260 267 277 285 
142 60
6 14 23 30 34 40 46 52 57 62 70 74 78 88 91 94 106 108 110 124 125 126 136 137 138 139 140 141 143 144 145 146 147 148 149 150 151 152 158 159 160 174 176 178 190 193 196 206 210 214 222 227 232 238 244 250 261 268 278 286 
143 62
7 15 17 24 31 35 41 47 53 58 63 71 75 79 89 92 95 107 109 111 125 126 127 136 137 138 139 140 141 142 144 145 146 147 148 149 150 151 152 159 160 161 175 177 179 191 194 197 207 211 215 223 228 233 239 245 251 255 262 269 279 287 
144 64
0 8 16 18 25 32 36 42 48 54 59 64 72 76 80 90 93 96 108 110 112 126 127 128 136 137 138 139 140 141 142 143 145 146 147 148 149 150 151 152 160 161 162 176 178 180 192 195 198 208 212 216 224 229 234 240 246 252 256 263 270 272 280 288 
145 62
1 9 19 26 33 37 43 49 55 60 65 73 77 81 91 94 97 109 111 113 127 128 129 136 137 138 139 140 141 142 143 144 146 147 148 149 150 151 152 161 162 163 177 179 181 193 196 199 209 213 217 225 230 235 241 247 253 257 264 271 273 281 
146 60
2 10 20 27 38 44 50 56 61 66 74 78 82 92 95 98 110 112 114 128 129 130 136 137 138 139 140 141 142 143 144 145 147 148 149 150 151 152 162 163 164 178 180 182 194 197 200 210 214 218 226 231 236 242 248 254 258 265 274 282 
147 58
3 11 21 28 39 45 57 62 67 75 79 83 93 96 99 111 113 115 129 130 131 136 137 138 139 140 141 142 143 144 145 146 148 149 150 151 152 163 164 165 179 181 183 195 198 201 211 215 219 227 232 237 243 249 259 266 275 283 
148 56
4 12 22 29 40 46 58 63 76 80 84 94 97 100 112 114 116 130 131 132 136 137 138 139 140 141 142 143 144 145 146 147 149 150 151 152 164 165 166 180 182 184 196 199 202 212 216 220 228 233 244 250 260 267 276 284 
149 54
5 13 23 30 41 47 59 64 77 81 95 98 101 113 115 117 131 132 133 136 137 138 139 140 141 142 143 144 145 146 147 148 150 151 152 165 166 167 181 183 185 197 200 203 213 217 229 234 245 251 261 268 277 285 
150 52
6 14 24 31 42 48 60 65 78 82 96 99 114 116 118 132 133 134 136 137 138 139 140 141 142 143 144 145 146 147 148 149 151 152 166 167 168 182 184 186 198 201 214 218 230 235 246 252 262 269 278 286 
151 50
7 15 25 32 43 49 61 66 79 83 97 100 115 117 133 134 135 136 137 138 139 140 141 142 143 144 145 146 147 148 149 150 152 167 168 169 183 185 199 202 215 219 231 236 247 253 263 270 279 287 
152 48
8 16 26 33 44 50 62 67 80 84 98 101 116 118 134 135 136 137 138 139 140 141 142 143 144 145 146 147 148 149 150 151 168 169 184 186 200 203 216 220 232 237 248 254 264 271 280 288 
153 48
0 9 17 25 34 41 51 57 68 73 85 89 102 105 119 121 136 137 154 155 156 157 158 159 160 161 162 163 164 165 166 167 168 169 170 171 187 189 204 207 221 225 238 243 255 261 272 279 
154 50
1 10 18 26 35 42 52 58 69 74 86 90 103 106 120 122 136 137 138 153 155 156 157 158 159 160 161 162 163 164 165 166 167 168 169 170 171 172 188 190 205 208 222 226 239 244 256 262 273 280 
155 52
2 11 19 27 36 43 53 59 70 75 87 91 104 107 119 121 123 137 138 139 153 154 156 157 158 159 160 161 162 163 164 165 166 167 168 169 171 172 173 187 189 191 206 209 223 227 240 245 257 263 274 281 
156 54
3 12 20 28 37 44 54 60 71 76 88 92 102 105 108 120 122 124 138 139 140 153 154 155 157 158 159 160 161 162 163 164 165 166 167 168 169 172 173 174 188 190 192 204 207 210 224 228 241 246 258 264 275 282 
157 56
4 13 21 29 38 45 55 61 72 77 85 89 93 103 106 109 121 123 125 139 140 141 153 154 155 156 158 159 160 161 162 163 164 165 166 167 168 169 173 174 175 189 191 193 205 208 211 221 225 229 242 247 259 265 276 283 
158 58
5 14 22 30 39 46 56 62 68 73 78 86 90 94 104 107 110 122 124 126 140 141 142 153 154 155 156 157 159 160 161 162 163 164 165 166 167 168 169 174 175 176 190 192 194 206 209 212 222 226 230 238 243 248 260 266 277 284 
159 60
6 15 23 31 40 47 51 57 63 69 74 79 87 91 95 105 108 111 123 125 127 141 142 143 153 154 155 156 157 158 160 161 162 163 164 165 166 167 168 169 175 176 177 191 193 195 207 210 213 223 227 231 239 244 249 255 261 267 278 285 
160 62
7 16 24 32 34 41 48 52 58 64 70 75 80 88 92 96 106 109 112 124 126 128 142 143 144 153 154 155 156 157 158 159 161 162 163 164 165 166 167 168 169 176 177 178 192 194 196 208 211 214 224 228 232 240 245 250 256 262 268 272 279 286 
161 62
8 17 25 33 35 42 49 53 59 65 71 76 81 89 93 97 107 110 113 125 127 129 143 144 145 153 154 155 156 157 158 159 160 162 163 164 165 166 167 168 169 177 178 179 193 195 197 209 212 215 225 229 233 241 246 251 257 263 269 273 280 287 
162 62
0 9 18 26 36 43 50 54 60 66 72 77 82 90 94 98 108 111 114 126 128 130 144 145 146 153 154 155 156 157 158 159 160 161 163 164 165 166 167 168 169 178 179 180 194 196 198 210 213 216 226 230 234 242 247 252 258 264 270 274 281 288 
163 60
1 10 19 27 37 44 55 61 67 73 78 83 91 95 99 109 112 115 127 129 131 145 146 147 153 154 155 156 157 158 159 160 161 162 164 165 166 167 168 169 179 180 181 195 197 199 211 214 217 227 231 235 243 248 253 259 265 271 275 282 
164 58
2 11 20 28 38 45 56 62 74 79 84 92 96 100 110 113 116 128 130 132 146 147 148 153 154 155 156 157 158 159 160 161 162 163 165 166 167 168 169 180 181 182 196 198 200 212 215 218 228 232 236 244 249 254 260 266 276 283 
165 56
3 12 21 29 39 46 57 63 75 80 93 97 101 111 114 117 129 131 133 147 148 149 153 154 155 156 157 158 159 160 161 162 163 164 166 167 168 169 181 182 183 197 199 201 213 216 219 229 233 237 245 250 261 267 277 284 
166 54
4 13 22 30 40 47 58 64 76 81 94 98 112 115 118 130 132 134 148 149 150 153 154 155 156 157 158 159 160 161 162 163 164 165 167 168 169 182 183 184 198 200 202 214 217 220 230 234 246 251 262 268 278 285 
167 52
5 14 23 31 41 48 59 65 77 82 95 99 113 116 131 133 135 149 150 151 153 154 155 156 157 158 159 160 161 162 163 164 165 166 168 169 183 184 185 199 201 203 215 218 231 235 247 252 263 269 279 286 
168 50
6 15 24 32 42 49 60 66 78 83 96 100 114 117 132 134 150 151 152 153 154 155 156 157 158 159 160 161 162 163 164 165 166 167 169 184 185 186 200 202 216 219 232 236 248 253 264 270 280 287 
169 48
7 16 25 33 43 50 61 67 79 84 97 101 115 118 133 135 151 152 153 154 155 156 157 158 159 160 161 162 163 164 165 166 167 168 185 186 201 203 217 220 233 237 249 254 265 271 281 288 
170 48
0 10 17 26 34 42 51 58 68 74 85 90 102 106 119 122 136 138 153 154 171 172 173 174 175 176 177 178 179 180 181 182 183 184 185 186 187 188 204 206 221 224 238 242 255 260 272 278 
171 50
1 11 18 27 35 43 52 59 69 75 86 91 103 107 120 123 137 139 153 154 155 170 172 173 174 175 176 177 178 179 180 181 182 183 184 185 186 187 188 189 205 207 222 225 239 243 256 261 273 279 
172 52
2 12 19 28 36 44 53 60 70 76 87 92 104 108 121 124 136 138 140 154 155 156 170 171 173 174 175 176 177 178 179 180 181 182 183 184 185 186 188 189 190 204 206 208 223 226 240 244 257 262 274 280 
173 54
3 13 20 29 37 45 54 61 71 77 88 93 105 109 119 122 125 137 139 141 155 156 157 170 171 172 174 175 176 177 178 179 180 181 182 183 184 185 186 189 190 191 205 207 209 221 224 227 241 245 258 263 275 281 
174 56
4 14 21 30 38 46 55 62 72 78 89 94 102 106 110 120 123 126 138 140 142 156 157 158 170 171 172 173 175 176 177 178 179 180 181 182 183 184 185 186 190 191 192 206 208 210 222 225 228 238 242 246 259 264 276 282 
175 58
5 15 22 31 39 47 56 63 73 79 85 90 95 103 107 111 121 124 127 139 141 143 157 158 159 170 171 172 173 174 176 177 178 179 180 181 182 183 184 185 186 191 192 193 207 209 211 223 226 229 239 243 247 255 260 265 277 283 
176 60
6 16 23 32 40 48 57 64 68 74 80 86 91 96 104 108 112 122 125 128 140 142 144 158 159 160 170 171 172 173 174 175 177 178 179 180 181 182 183 184 185 186 192 193 194 208 210 212 224 227 230 240 244 248 256 261 266 272 278 284 
177 60
7 24 33 41 49 51 58 65 69 75 81 87 92 97 105 109 113 123 126 129 141 143 145 159 160 161 170 171 172 173 174 175 176 178 179 180 181 182 183 184 185 186 193 194 195 209 211 213 225 228 231 241 245 249 257 262 267 273 279 285 
178 60
8 25 34 42 50 52 59 66 70 76 82 88 93 98 106 110 114 124 127 130 142 144 146 160 161 162 170 171 172 173 174 175 176 177 179 180 181 182 183 184 185 186 194 195 196 210 212 214 226 229 232 242 246 250 258 263 268 274 280 286 
179 60
9 17 26 35 43 53 60 67 71 77 83 89 94 99 107 111 115 125 128 131 143 145 147 161 162 163 170 171 172 173 174 175 176 177 178 180 181 182 183 184 185 186 195 196 197 211 213 215 227 230 233 243 247 251 259 264 269 275 281 287 
180 60
0 10 18 27 36 44 54 61 72 78 84 90 95 100 108 112 116 126 129 132 144 146 148 162 163 164 170 171 172 173 174 175 176 177 178 179 181 182 183 184 185 186 196 197 198 212 214 216 228 231 234 244 248 252 260 265 270 276 282 288 
181 58
1 11 19 28 37 45 55 62 73 79 91 96 101 109 113 117 127 130 133 145 147 149 163 164 165 170 171 172 173 174 175 176 177 178 179 180 182 183 184 185 186 197 198 199 213 215 217 229 232 235 245 249 253 261 266 271 277 283 
182 56
2 12 20 29 38 46 56 63 74 80 92 97 110 114 118 128 131 134 146 148 150 164 165 166 170 171 172 173 174 175 176 177 178 179 180 181 183 184 185 186 198 199 200 214 216 218 230 233 236 246 250 254 262 267 278 284 
183 54
3 13 21 30 39 47 57 64 75 81 93 98 111 115 129 132 135 147 149 151 165 166 167 170 171 172 173 174 175 176 177 178 179 180 181 182 184 185 186 199 200 201 215 217 219 231 234 237 247 251 263 268 279 285 
184 52
4 14 22 31 40 48 58 65 76 82 94 99 112 116 130 133 148 150 152 166 167 168 170 171 172 173 174 175 176 177 178 179 180 181 182 183 185 186 200 201 202 216 218 220 232 235 248 252 264 269 280 286 
185 50
5 15 23 32 41 49 59 66 77 83 95 100 113 117 131 134 149 151 167 168 169 170 171 172 173 174 175 176 177 178 179 180 181 182 183 184 186 201 202 203 217 219 233 236 249 253 265 270 281 287 
186 48
6 16 24 33 42 50 60 67 78 84 96 101 114 118 132 135 150 152 168 169 170 171 172 173 174 175 176 177 178 179 180 181 182 183 184 185 202 203 218 220 234 237 250 254 266 271 282 288 
187 48
0 11 17 27 34 43 51 59 68 75 85 91 102 107 119 123 136 139 153 155 170 171 188 189 190 191 192 193 194 195 196 197 198 199 200 201 202 203 204 205 221 223 238 241 255 259 272 277 
188 50
1 12 18 28 35 44 52 60 69 76 86 92 103 108 120 124 137 140 154 156 170 171 172 187 189 190 191 192 193 194 195 196 197 198 199 200 201 202 203 204 205 206 222 224 239 242 256 260 273 278 
189 52
2 13 19 29 36 45 53 61 70 77 87 93 104 109 121 125 138 141 153 155 157 171 172 173 187 188 190 191 192 193 194 195 196 197 198 199 200 201 202 203 205 206 207 221 223 225 240 243 257 261 274 279 
190 54
3 14 20 30 37 46 54 62 71 78 88 94 105 110 122 126 136 139 142 154 156 158 172 173 174 187 188 189 191 192 193 194 195 196 197 198 199 200 201 202 203 206 207 208 222 224 226 238 241 244 258 262 275 280 
191 56
4 15 21 31 38 47 55 63 72 79 89 95 106 111 119 123 127 137 140 143 155 157 159 173 174 175 187 188 189 190 192 193 194 195 196 197 198 199 200 201 202 203 207 208 209 223 225 227 239 242 245 255 259 263 276 281 
192 58
5 16 22 32 39 48 56 64 73 80 90 96 102 107 112 120 124 128 138 141 144 156 158 160 174 175 176 187 188 189 190 191 193 194 195 196 197 198 199 200 201 202 203 208 209 210 224 226 228 240 243 246 256 260 264 272 277 282 
193 58
6 23 33 40 49 57 65 74 81 85 91 97 103 108 113 121 125 129 139 142 145 157 159 161 175 176 177 187 188 189 190 191 192 194 195 196 197 198 199 200 201 202 203 209 210 211 225 227 229 241 244 247 257 261 265 273 278 283 
194 58
7 24 41 50 58 66 68 75 82 86 92 98 104 109 114 122 126 130 140 143 146 158 160 162 176 177 178 187 188 189 190 191 192 193 195 196 197 198 199 200 201 202 203 210 211 212 226 228 230 242 245 248 258 262 266 274 279 284 
195 58
8 25 42 51 59 67 69 76 83 87 93 99 105 110 115 123 127 131 141 144 147 159 161 163 177 178 179 187 188 189 190 191 192 193 194 196 197 198 199 200 201 202 203 211 212 213 227 229 231 243 246 249 259 263 267 275 280 285 
196 58
9 26 34 43 52 60 70 77 84 88 94 100 106 111 116 124 128 132 142 145 148 160 162 164 178 179 180 187 188 189 190 191 192 193 194 195 197 198 199 200 201 202 203 212 213 214 228 230 232 244 247 250 260 264 268 276 281 286 
197 58
10 17 27 35 44 53 61 71 78 89 95 101 107 112 117 125 129 133 143 146 149 161 163 165 179 180 181 187 188 189 190 191 192 193 194 195 196 198 199 200 201 202 203 213 214 215 229 231 233 245 248 251 261 265 269 277 282 287 
198 58
0 11 18 28 36 45 54 62 72 79 90 96 108 113 118 126 130 134 144 147 150 162 164 166 180 181 182 187 188 189 190 191 192 193 194 195 196 197 199 200 201 202 203 214 215 216 230 232 234 246 249 252 262 266 270 278 283 288 
199 56
1 12 19 29 37 46 55 63 73 80 91 97 109 114 127 131 135 145 148 151 163 165 167 181 182 183 187 188 189 190 191 192 193 194 195 196 197 198 200 201 202 203 215 216 217 231 233 235 247 250 253 263 267 271 279 284 
200 54
2 13 20 30 38 47 56 64 74 81 92 98 110 115 128 132 146 149 152 164 166 168 182 183 184 187 188 189 190 191 192 193 194 195 196 197 198 199 201 202 203 216 217 218 232 234 236 248 251 254 264 268 280 285 
201 52
3 14 21 31 39 48 57 65 75 82 93 99 111 116 129 133 147 150 165 167 169 183 184 185 187 188 189 190 191 192 193 194 195 196 197 198 199 200 202 203 217 218 219 233 235 237 249 252 265 269 281 286 
202 50
4 15 22 32 40 49 58 66 76 83 94 100 112 117 130 134 148 151 166 168 184 185 186 187 188 189 190 191 192 193 194 195 196 197 198 199 200 201 203 218 219 220 234 236 250 253 266 270 282 287 
203 48
5 16 23 33 41 50 59 67 77 84 95 101 113 118 131 135 149 152 167 169 185 186 187 188 189 190 191 192 193 194 195 196 197 198 199 200 201 202 219 220 235 237 251 254 267 271 283 288 
204 48
0 12 17 28 34 44 51 60 68 76 85 92 102 108 119 124 136 140 153 156 170 172 187 188 205 206 207 208 209 210 211 212 213 214 215 216 217 218 219 220 221 222 238 240 255 258 272 276 
205 50
1 13 18 29 35 45 52 61 69 77 86 93 103 109 120 125 137 141 154 157 171 173 187 188 189 204 206 207 208 209 210 211 212 213 214 215 216 217 218 219 220 221 222 223 239 241 256 259 273 277 
206 52
2 14 19 30 36 46 53 62 70 78 87 94 104 110 121 126 138 142 155 158 170 172 174 188 189 190 204 205 207 208 209 210 211 212 213 214 215 216 217 218 219 220 222 223 224 238 240 242 257 260 274 278 
207 54
3 15 20 31 37 47 54 63 71 79 88 95 105 111 122 127 139 143 153 156 159 171 173 175 189 190 191 204 205 206 208 209 210 211 212 213 214 215 216 217 218 219 220 223 224 225 239 241 243 255 258 261 275 279 
208 56
4 16 21 32 38 48 55 64 72 80 89 96 106 112 123 128 136 140 144 154 157 160 172 174 176 190 191 192 204 205 206 207 209 210 211 212 213 214 215 216 217 218 219 220 224 225 226 240 242 244 256 259 262 272 276 280 
209 56
5 22 33 39 49 56 65 73 81 90 97 107 113 119 124 129 137 141 145 155 158 161 173 175 177 191 192 193 204 205 206 207 208 210 211 212 213 214 215 216 217 218 219 220 225 226 227 241 243 245 257 260 263 273 277 281 
210 56
6 23 40 50 57 66 74 82 91 98 102 108 114 120 125 130 138 142 146 156 159 162 174 176 178 192 193 194 204 205 206 207 208 209 211 212 213 214 215 216 217 218 219 220 226 227 228 242 244 246 258 261 264 274 278 282 
211 56
7 24 41 58 67 75 83 85 92 99 103 109 115 121 126 131 139 143 147 157 160 163 175 177 179 193 194 195 204 205 206 207 208 209 210 212 213 214 215 216 217 218 219 220 227 228 229 243 245 247 259 262 265 275 279 283 
212 56
8 25 42 59 68 76 84 86 93 100 104 110 116 122 127 132 140 144 148 158 161 164 176 178 180 194 195 196 204 205 206 207 208 209 210 211 213 214 215 216 217 218 219 220 228 229 230 244 246 248 260 263 266 276 280 284 
213 56
9 26 43 51 60 69 77 87 94 101 105 111 117 123 128 133 141 145 149 159 162 165 177 179 181 195 196 197 204 205 206 207 208 209 210 211 212 214 215 216 217 218 219 220 229 230 231 245 247 249 261 264 267 277 281 285 
214 56
10 27 34 44 52 61 70 78 88 95 106 112 118 124 129 134 142 146 150 160 163 166 178 180 182 196 197 198 204 205 206 207 208 209 210 211 212 213 215 216 217 218 219 220 230 231 232 246 248 250 262 265 268 278 282 286 
215 56
11 17 28 35 45 53 62 71 79 89 96 107 113 125 130 135 143 147 151 161 164 167 179 181 183 197 198 199 204 205 206 207 208 209 210 211 212 213 214 216 217 218 219 220 231 232 233 247 249 251 263 266 269 279 283 287 
216 56
0 12 18 29 36 46 54 63 72 80 90 97 108 114 126 131 144 148 152 162 165 168 180 182 184 198 199 200 204 205 206 207 208 209 210 211 212 213 214 215 217 218 219 220 232 233 234 248 250 252 264 267 270 280 284 288 
217 54
1 13 19 30 37 47 55 64 73 81 91 98 109 115 127 132 145 149 163 166 169 181 183 185 199 200 201 204 205 206 207 208 209 210 211 212 213 214 215 216 218 219 220 233 234 235 249 251 253 265 268 271 281 285 
218 52
2 14 20 31 38 48 56 65 74 82 92 99 110 116 128 133 146 150 164 167 182 184 186 200 201 202 204 205 206 207 208 209 210 211 212 213 214 215 216 217 219 220 234 235 236 250 252 254 266 269 282 286 
219 50
3 15 21 32 39 49 57 66 75 83 93 100 111 117 129 134 147 151 165 168 183 185 201 202 203 204 205 206 207 208 209 210 211 212 213 214 215 216 217 218 220 235 236 237 251 253 267 270 283 287 
220 48
4 16 22 33 40 50 58 67 76 84 94 101 112 118 130 135 148 152 166 169 184 186 202 203 204 205 206 207 208 209 210 211 212 213 214 215 216 217 218 219 236 237 252 254 268 271 284 288 
221 48
0 13 17 29 34 45 51 61 68 77 85 93 102 109 119 125 136 141 153 157 170 173 187 189 204 205 222 223 224 225 226 227 228 229 230 231 232 233 234 235 236 237 238 239 255 257 272 275 
222 50
1 14 18 30 35 46 52 62 69 78 86 94 103 110 120 126 137 142 154 158 171 174 188 190 204 205 206 221 223 224 225 226 227 228 229 230 231 232 233 234 235 236 237 238 239 240 256 258 273 276 
223 52
2 15 19 31 36 47 53 63 70 79 87 95 104 111 121 127 138 143 155 159 172 175 187 189 191 205 206 207 221 222 224 225 226 227 228 229 230 231 232 233 234 235 236 237 239 240 241 255 257 259 274 277 
224 54
3 16 20 32 37 48 54 64 71 80 88 96 105 112 122 128 139 144 156 160 170 173 176 188 190 192 206 207 208 221 222 223 225 226 227 228 229 230 231 232 233 234 235 236 237 240 241 242 256 258 260 272 275 278 
225 54
4 21 33 38 49 55 65 72 81 89 97 106 113 123 129 140 145 153 157 161 171 174 177 189 191 193 207 208 209 221 222 223 224 226 227 228 229 230 231 232 233 234 235 236 237 241 242 243 257 259 261 273 276 279 
226 54
5 22 39 50 56 66 73 82 90 98 107 114 124 130 136 141 146 154 158 162 172 175 178 190 192 194 208 209 210 221 222 223 224 225 227 228 229 230 231 232 233 234 235 236 237 242 243 244 258 260 262 274 277 280 
227 54
6 23 40 57 67 74 83 91 99 108 115 119 125 131 137 142 147 155 159 163 173 176 179 191 193 195 209 210 211 221 222 223 224 225 226 228 229 230 231 232 233 234 235 236 237 243 244 245 259 261 263 275 278 281 
228 54
7 24 41 58 75 84 92 100 102 109 116 120 126 132 138 143 148 156 160 164 174 177 180 192 194 196 210 211 212 221 222 223 224 225 226 227 229 230 231 232 233 234 235 236 237 244 245 246 260 262 264 276 279 282 
229 54
8 25 42 59 76 85 93 101 103 110 117 121 127 133 139 144 149 157 161 165 175 178 181 193 195 197 211 212 213 221 222 223 224 225 226 227 228 230 231 232 233 234 235 236 237 245 246 247 261 263 265 277 280 283 
230 54
9 26 43 60 68 77 86 94 104 111 118 122 128 134 140 145 150 158 162 166 176 179 182 194 196 198 212 213 214 221 222 223 224 225 226 227 228 229 231 232 233 234 235 236 237 246 247 248 262 264 266 278 281 284 
231 54
10 27 44 51 61 69 78 87 95 105 112 123 129 135 141 146 151 159 163 167 177 180 183 195 197 199 213 214 215 221 222 223 224 225 226 227 228 229 230 232 233 234 235 236 237 247 248 249 263 265 267 279 282 285 
232 54
11 28 34 45 52 62 70 79 88 96 106 113 124 130 142 147 152 160 164 168 178 181 184 196 198 200 214 215 216 221 222 223 224 225 226 227 228 229 230 231 233 234 235 236 237 248 249 250 264 266 268 280 283 286 
233 54
12 17 29 35 46 53 63 71 80 89 97 107 114 125 131 143 148 161 165 169 179 182 185 197 199 201 215 216 217 221 222 223 224 225 226 227 228 229 230 231 232 234 235 236 237 249 250 251 265 267 269 281 284 287 
234 54
0 13 18 30 36 47 54 64 72 81 90 98 108 115 126 132 144 149 162 166 180 183 186 198 200 202 216 217 218 221 222 223 224 225 226 227 228 229 230 231 232 233 235 236 237 250 251 252 266 268 270 282 285 288 
235 52
1 14 19 31 37 48 55 65 73 82 91 99 109 116 127 133 145 150 163 167 181 184 199 201 203 217 218 219 221 222 223 224 225 226 227 228 229 230 231 232 233 234 236 237 251 252 253 267 269 271 283 286 
236 50
2 15 20 32 38 49 56 66 74 83 92 100 110 117 128 134 146 151 164 168 182 185 200 202 218 219 220 221 222 223 224 225 226 227 228 229 230 231 232 233 234 235 237 252 253 254 268 270 284 287 
237 48
3 16 21 33 39 50 57 67 75 84 93 101 111 118 129 135 147 152 165 169 183 186 201 203 219 220 221 222 223 224 225 226 227 228 229 230 231 232 233 234 235 236 253 254 269 271 285 288 
238 48
0 14 17 30 34 46 51 62 68 78 85 94 102 110 119 126 136 142 153 158 170 174 187 190 204 206 221 222 239 240 241 242 243 244 245 246 247 248 249 250 251 252 253 254 255 256 272 274 
239 50
1 15 18 31 35 47 52 63 69 79 86 95 103 111 120 127 137 143 154 159 171 175 188 191 205 207 221 222 223 238 240 241 242 243 244 245 246 247 248 249 250 251 252 253 254 255 256 257 273 275 
240 52
2 16 19 32 36 48 53 64 70 80 87 96 104 112 121 128 138 144 155 160 172 176 189 192 204 206 208 222 223 224 238 239 241 242 243 244 245 246 247 248 249 250 251 252 253 254 256 257 258 272 274 276 
241 52
3 20 33 37 49 54 65 71 81 88 97 105 113 122 129 139 145 156 161 173 177 187 190 193 205 207 209 223 224 225 238 239 240 242 243 244 245 246 247 248 249 250 251 252 253 254 257 258 259 273 275 277 
242 52
4 21 38 50 55 66 72 82 89 98 106 114 123 130 140 146 157 162 170 174 178 188 191 194 206 208 210 224 225 226 238 239 240 241 243 244 245 246 247 248 249 250 251 252 253 254 258 259 260 274 276 278 
243 52
5 22 39 56 67 73 83 90 99 107 115 124 131 141 147 153 158 163 171 175 179 189 192 195 207 209 211 225 226 227 238 239 240 241 242 244 245 246 247 248 249 250 251 252 253 254 259 260 261 275 277 279 
244 52
6 23 40 57 74 84 91 100 108 116 125 132 136 142 148 154 159 164 172 176 180 190 193 196 208 210 212 226 227 228 238 239 240 241 242 243 245 246 247 248 249 250 251 252 253 254 260 261 262 276 278 280 
245 52
7 24 41 58 75 92 101 109 117 119 126 133 137 143 149 155 160 165 173 177 181 191 194 197 209 211 213 227 228 229 238 239 240 241 242 243 244 246 247 248 249 250 251 252 253 254 261 262 263 277 279 281 
246 52
8 25 42 59 76 93 102 110 118 120 127 134 138 144 150 156 161 166 174 178 182 192 195 198 210 212 214 228 229 230 238 239 240 241 242 243 244 245 247 248 249 250 251 252 253 254 262 263 264 278 280 282 
247 52
9 26 43 60 77 85 94 103 111 121 128 135 139 145 151 157 162 167 175 179 183 193 196 199 211 213 215 229 230 231 238 239 240 241 242 243 244 245 246 248 249 250 251 252 253 254 263 264 265 279 281 283 
248 52
10 27 44 61 68 78 86 95 104 112 122 129 140 146 152 158 163 168 176 180 184 194 197 200 212 214 216 230 231 232 238 239 240 241 242 243 244 245 246 247 249 250 251 252 253 254 264 265 266 280 282 284 
249 52
11 28 45 51 62 69 79 87 96 105 113 123 130 141 147 159 164 169 177 181 185 195 198 201 213 215 217 231 232 233 238 239 240 241 242 243 244 245 246 247 248 250 251 252 253 254 265 266 267 281 283 285 
250 52
12 29 34 46 52 63 70 80 88 97 106 114 124 131 142 148 160 165 178 182 186 196 199 202 214 216 218 232 233 234 238 239 240 241 242 243 244 245 246 247 248 249 251 252 253 254 266 267 268 282 284 286 
251 52
13 17 30 35 47 53 64 71 81 89 98 107 115 125 132 143 149 161 166 179 183 197 200 203 215 217 219 233 234 235 238 239 240 241 242 243 244 245 246 247 248 249 250 252 253 254 267 268 269 283 285 287 
252 52
0 14 18 31 36 48 54 65 72 82 90 99 108 116 126 133 144 150 162 167 180 184 198 201 216 218 220 234 235 236 238 239 240 241 242 243 244 245 246 247 248 249 250 251 253 254 268 269 270 284 286 288 
253 50
1 15 19 32 37 49 55 66 73 83 91 100 109 117 127 134 145 151 163 168 181 185 199 202 217 219 235 236 237 238 239 240 241 242 243 244 245 246 247 248 249 250 251 252 254 269 270 271 285 287 
254 48
2 16 20 33 38 50 56 67 74 84 92 101 110 118 128 135 146 152 164 169 182 186 200 203 218 220 236 237 238 239 240 241 242 243 244 245 246 247 248 249 250 251 252 253 270 271 286 288 
255 48
0 15 17 31 34 47 51 63 68 79 85 95 102 111 119 127 136 143 153 159 170 175 187 191 204 207 221 223 238 239 256 257 258 259 260 261 262 263 264 265 266 267 268 269 270 271 272 273 
256 50
1 16 18 32 35 48 52 64 69 80 86 96 103 112 120 128 137 144 154 160 171 176 188 192 205 208 222 224 238 239 240 255 257 258 259 260 261 262 263 264 265 266 267 268 269 270 271 272 273 274 
257 50
2 19 33 36 49 53 65 70 81 87 97 104 113 121 129 138 145 155 161 172 177 189 193 206 209 221 223 225 239 240 241 255 256 258 259 260 261 262 263 264 265 266 267 268 269 270 271 273 274 275 
258 50
3 20 37 50 54 66 71 82 88 98 105 114 122 130 139 146 156 162 173 178 190 194 204 207 210 222 224 226 240 241 242 255 256 257 259 260 261 262 263 264 265 266 267 268 269 270 271 274 275 276 
259 50
4 21 38 55 67 72 83 89 99 106 115 123 131 140 147 157 163 174 179 187 191 195 205 208 211 223 225 227 241 242 243 255 256 257 258 260 261 262 263 264 265 266 267 268 269 270 271 275 276 277 
260 50
5 22 39 56 73 84 90 100 107 116 124 132 141 148 158 164 170 175 180 188 192 196 206 209 212 224 226 228 242 243 244 255 256 257 258 259 261 262 263 264 265 266 267 268 269 270 271 276 277 278 
261 50
6 23 40 57 74 91 101 108 117 125 133 142 149 153 159 165 171 176 181 189 193 197 207 210 213 225 227 229 243 244 245 255 256 257 258 259 260 262 263 264 265 266 267 268 269 270 271 277 278 279 
262 50
7 24 41 58 75 92 109 118 126 134 136 143 150 154 160 166 172 177 182 190 194 198 208 211 214 226 228 230 244 245 246 255 256 257 258 259 260 261 263 264 265 266 267 268 269 270 271 278 279 280 
263 50
8 25 42 59 76 93 110 119 127 135 137 144 151 155 161 167 173 178 183 191 195 199 209 212 215 227 229 231 245 246 247 255 256 257 258 259 260 261 262 264 265 266 267 268 269 270 271 279 280 281 
264 50
9 26 43 60 77 94 102 111 120 128 138 145 152 156 162 168 174 179 184 192 196 200 210 213 216 228 230 232 246 247 248 255 256 257 258 259 260 261 262 263 265 266 267 268 269 270 271 280 281 282 
265 50
10 27 44 61 78 85 95 103 112 121 129 139 146 157 163 169 175 180 185 193 197 201 211 214 217 229 231 233 247 248 249 255 256 257 258 259 260 261 262 263 264 266 267 268 269 270 271 281 282 283 
266 50
11 28 45 62 68 79 86 96 104 113 122 130 140 147 158 164 176 181 186 194 198 202 212 215 218 230 232 234 248 249 250 255 256 257 258 259 260 261 262 263 264 265 267 268 269 270 271 282 283 284 
267 50
12 29 46 51 63 69 80 87 97 105 114 123 131 141 148 159 165 177 182 195 199 203 213 216 219 231 233 235 249 250 251 255 256 257 258 259 260 261 262 263 264 265 266 268 269 270 271 283 284 285 
268 50
13 30 34 47 52 64 70 81 88 98 106 115 124 132 142 149 160 166 178 183 196 200 214 217 220 232 234 236 250 251 252 255 256 257 258 259 260 261 262 263 264 265 266 267 269 270 271 284 285 286 
269 50
14 17 31 35 48 53 65 71 82 89 99 107 116 125 133 143 150 161 167 179 184 197 201 215 218 233 235 237 251 252 253 255 256 257 258 259 260 261 262 263 264 265 266 267 268 270 271 285 286 287 
270 50
0 15 18 32 36 49 54 66 72 83 90 100 108 117 126 134 144 151 162 168 180 185 198 202 216 219 234 236 252 253 254 255 256 257 258 259 260 261 262 263 264 265 266 267 268 269 271 286 287 288 
271 48
1 16 19 33 37 50 55 67 73 84 91 101 109 118 127 135 145 152 163 169 181 186 199 203 217 220 235 237 253 254 255 256 257 258 259 260 261 262 263 264 265 266 267 268 269 270 287 288 
272 48
0 16 17 32 34 48 51 64 68 80 85 96 102 112 119 128 136 144 153 160 170 176 187 192 204 208 221 224 238 240 255 256 273 274 275 276 277 278 279 280 281 282 283 284 285 286 287 288 
273 48
1 18 33 35 49 52 65 69 81 86 97 103 113 120 129 137 145 154 161 171 177 188 193 205 209 222 225 239 241 255 256 257 272 274 275 276 277 278 279 280 281 282 283 284 285 286 287 288 
274 48
2 19 36 50 53 66 70 82 87 98 104 114 121 130 138 146 155 162 172 178 189 194 206 210 223 226 238 240 242 256 257 258 272 273 275 276 277 278 279 280 281 282 283 284 285 286 287 288 
275 48
3 20 37 54 67 71 83 88 99 105 115 122 131 139 147 156 163 173 179 190 195 207 211 221 224 227 239 241 243 257 258 259 272 273 274 276 277 278 279 280 281 282 283 284 285 286 287 288 
276 48
4 21 38 55 72 84 89 100 106 116 123 132 140 148 157 164 174 180 191 196 204 208 212 222 225 228 240 242 244 258 259 260 272 273 274 275 277 278 279 280 281 282 283 284 285 286 287 288 
277 48
5 22 39 56 73 90 101 107 117 124 133 141 149 158 165 175 181 187 192 197 205 209 213 223 226 229 241 243 245 259 260 261 272 273 274 275 276 278 279 280 281 282 283 284 285 286 287 288 
278 48
6 23 40 57 74 91 108 118 125 134 142 150 159 166 170 176 182 188 193 198 206 210 214 224 227 230 242 244 246 260 261 262 272 273 274 275 276 277 279 280 281 282 283 284 285 286 287 288 
279 48
7 24 41 58 75 92 109 126 135 143 151 153 160 167 171 177 183 189 194 199 207 211 215 225 228 231 243 245 247 261 262 263 272 273 274 275 276 277 278 280 281 282 283 284 285 286 287 288 
280 48
8 25 42 59 76 93 110 127 136 144 152 154 161 168 172 178 184 190 195 200 208 212 216 226 229 232 244 246 248 262 263 264 272 273 274 275 276 277 278 279 281 282 283 284 285 286 287 288 
281 48
9 26 43 60 77 94 111 119 128 137 145 155 162 169 173 179 185 191 196 201 209 213 217 227 230 233 245 247 249 263 264 265 272 273 274 275 276 277 278 279 280 282 283 284 285 286 287 288 
282 48
10 27 44 61 78 95 102 112 120 129 138 146 156 163 174 180 186 192 197 202 210 214 218 228 231 234 246 248 250 264 265 266 272 273 274 275 276 277 278 279 280 281 283 284 285 286 287 288 
283 48
11 28 45 62 79 85 96 103 113 121 130 139 147 157 164 175 181 193 198 203 211 215 219 229 232 235 247 249 251 265 266 267 272 273 274 275 276 277 278 279 280 281 282 284 285 286 287 288 
284 48
12 29 46 63 68 80 86 97 104 114 122 131 140 148 158 165 176 182 194 199 212 216 220 230 233 236 248 250 252 266 267 268 272 273 274 275 276 277 278 279 280 281 282 283 285 286 287 288 
285 48
13 30 47 51 64 69 81 87 98 105 115 123 132 141 149 159 166 177 183 195 200 213 217 231 234 237 249 251 253 267 268 269 272 273 274 275 276 277 278 279 280 281 282 283 284 286 287 288 
286 48
14 31 34 48 52 65 70 82 88 99 106 116 124 133 142 150 160 167 178 184 196 201 214 218 232 235 250 252 254 268 269 270 272 273 274 275 276 277 278 279 280 281 282 283 284 285 287 288 
287 48
15 17 32 35 49 53 66 71 83 89 100 107 117 125 134 143 151 161 168 179 185 197 202 215 219 233 236 251 253 269 270 271 272 273 274 275 276 277 278 279 280 281 282 283 284 285 286 288 
288 48
0 16 18 33 36 50 54 67 72 84 90 101 108 118 126 135 144 152 162 169 180 186 198 203 216 220 234 237 252 254 270 271 272 273 274 275 276 277 278 279 280 281 282 283 284 285 286 287 
