324

0 51
1 2 3 4 5 6 7 8 9 10 11 12 13 14 15 16 17 18 19 36 38 54 57 72 76 90 95 108 114 126 133 144 152 162 171 180 190 198 209 216 228 234 247 252 266 270 285 288 304 306 323 
1 51
0 2 3 4 5 6 7 8 9 10 11 12 13 14 15 16 17 18 19 20 37 39 55 58 73 77 91 96 109 115 127 134 145 153 163 172 181 191 199 210 217 229 235 248 253 267 271 286 289 305 307 
2 51
0 1 3 4 5 6 7 8 9 10 11 12 13 14 15 16 17 19 20 21 36 38 40 56 59 74 78 92 97 110 116 128 135 146 154 164 173 182 192 200 211 218 230 236 249 254 268 272 287 290 308 
3 51
0 1 2 4 5 6 7 8 9 10 11 12 13 14 15 16 17 20 21 22 37 39 41 54 57 60 75 79 93 98 111 117 129 136 147 155 165 174 183 193 201 212 219 231 237 250 255 269 273 291 309 
4 51
0 1 2 3 5 6 7 8 9 10 11 12 13 14 15 16 17 21 22 23 38 40 42 55 58 61 72 76 80 94 99 112 118 130 137 148 156 166 175 184 194 202 213 220 232 238 251 256 274 292 310 
5 51
0 1 2 3 4 6 7 8 9 10 11 12 13 14 15 16 17 22 23 24 39 41 43 56 59 62 73 77 81 90 95 100 113 119 131 138 149 157 167 176 185 195 203 214 221 233 239 257 275 293 311 
6 51
0 1 2 3 4 5 7 8 9 10 11 12 13 14 15 16 17 23 24 25 40 42 44 57 60 63 74 78 82 91 96 101 108 114 120 132 139 150 158 168 177 186 196 204 215 222 240 258 276 294 312 
7 51
0 1 2 3 4 5 6 8 9 10 11 12 13 14 15 16 17 24 25 26 41 43 45 58 61 64 75 79 83 92 97 102 109 115 121 126 133 140 151 159 169 178 187 197 205 223 241 259 277 295 313 
8 51
0 1 2 3 4 5 6 7 9 10 11 12 13 14 15 16 17 25 26 27 42 44 46 59 62 65 76 80 84 93 98 103 110 116 122 127 134 141 144 152 160 170 179 188 206 224 242 260 278 296 314 
9 51
0 1 2 3 4 5 6 7 8 10 11 12 13 14 15 16 17 26 27 28 43 45 47 60 63 66 77 81 85 94 99 104 111 117 123 128 135 142 145 153 161 162 171 189 207 225 243 261 279 297 315 
10 51
0 1 2 3 4 5 6 7 8 9 11 12 13 14 15 16 17 27 28 29 44 46 48 61 64 67 78 82 86 95 100 105 112 118 124 129 136 143 146 154 163 172 180 190 208 226 244 262 280 298 316 
11 51
0 1 2 3 4 5 6 7 8 9 10 12 13 14 15 16 17 28 29 30 45 47 49 62 65 68 79 83 87 96 101 106 113 119 125 130 137 147 155 164 173 181 191 198 209 227 245 263 281 299 317 
12 51
0 1 2 3 4 5 6 7 8 9 10 11 13 14 15 16 17 29 30 31 46 48 50 63 66 69 80 84 88 97 102 107 114 120 131 138 148 156 165 174 182 192 199 210 216 228 246 264 282 300 318 
13 51
0 1 2 3 4 5 6 7 8 9 10 11 12 14 15 16 17 30 31 32 47 49 51 64 67 70 81 85 89 98 103 115 121 132 139 149 157 166 175 183 193 200 211 217 229 234 247 265 283 301 319 
14 51
0 1 2 3 4 5 6 7 8 9 10 11 12 13 15 16 17 31 32 33 48 50 52 65 68 71 82 86 99 104 116 122 133 140 150 158 167 176 184 194 201 212 218 230 235 248 252 266 284 302 320 
15 51
0 1 2 3 4 5 6 7 8 9 10 11 12 13 14 16 17 32 33 34 49 51 53 66 69 83 87 100 105 117 123 134 141 151 159 168 177 185 195 202 213 219 231 236 249 253 267 270 285 303 321 
16 51
0 1 2 3 4 5 6 7 8 9 10 11 12 13 14 15 17 33 34 35 50 52 67 70 84 88 101 106 118 124 135 142 152 160 169 178 186 196 203 214 220 232 237 250 254 268 271 286 288 304 322 
17 51
0 1 2 3 4 5 6 7 8 9 10 11 12 13 14 15 16 34 35 51 53 68 71 85 89 102 107 119 125 136 143 153 161 170 179 187 197 204 215 221 233 238 251 255 269 272 287 289 305 306 323 
18 51
0 1 19 20 21 22 23 24 25 26 27 28 29 30 31 32 33 34 35 36 37 54 56 72 75 90 94 108 113 126 132 144 151 162 170 180 189 198 208 216 227 234 246 252 265 270 284 288 303 306 322 
19 53
0 1 2 18 20 21 22 23 24 25 26 27 28 29 30 31 32 33 34 35 36 37 38 55 57 73 76 91 95 109 114 127 133 145 152 163 171 181 190 199 209 217 228 235 247 253 266 271 285 289 304 307 323 
20 53
1 2 3 18 19 21 22 23 24 25 26 27 28 29 30 31 32 33 34 35 37 38 39 54 56 58 74 77 92 96 110 115 128 134 146 153 164 172 182 191 200 210 218 229 236 248 254 267 272 286 290 305 308 
21 53
2 3 4 18 19 20 22 23 24 25 26 27 28 29 30 31 32 33 34 35 38 39 40 55 57 59 72 75 78 93 97 111 116 129 135 147 154 165 173 183 192 201 211 219 230 237 249 255 268 273 287 291 309 
22 53
3 4 5 18 19 20 21 23 24 25 26 27 28 29 30 31 32 33 34 35 39 40 41 56 58 60 73 76 79 90 94 98 112 117 130 136 148 155 166 174 184 193 202 212 220 231 238 250 256 269 274 292 310 
23 53
4 5 6 18 19 20 21 22 24 25 26 27 28 29 30 31 32 33 34 35 40 41 42 57 59 61 74 77 80 91 95 99 108 113 118 131 137 149 156 167 175 185 194 203 213 221 232 239 251 257 275 293 311 
24 53
5 6 7 18 19 20 21 22 23 25 26 27 28 29 30 31 32 33 34 35 41 42 43 58 60 62 75 78 81 92 96 100 109 114 119 126 132 138 150 157 168 176 186 195 204 214 222 233 240 258 276 294 312 
25 53
6 7 8 18 19 20 21 22 23 24 26 27 28 29 30 31 32 33 34 35 42 43 44 59 61 63 76 79 82 93 97 101 110 115 120 127 133 139 144 151 158 169 177 187 196 205 215 223 241 259 277 295 313 
26 53
7 8 9 18 19 20 21 22 23 24 25 27 28 29 30 31 32 33 34 35 43 44 45 60 62 64 77 80 83 94 98 102 111 116 121 128 134 140 145 152 159 162 170 178 188 197 206 224 242 260 278 296 314 
27 53
8 9 10 18 19 20 21 22 23 24 25 26 28 29 30 31 32 33 34 35 44 45 46 61 63 65 78 81 84 95 99 103 112 117 122 129 135 141 146 153 160 163 171 179 180 189 207 225 243 261 279 297 315 
28 53
9 10 11 18 19 20 21 22 23 24 25 26 27 29 30 31 32 33 34 35 45 46 47 62 64 66 79 82 85 96 100 104 113 118 123 130 136 142 147 154 161 164 172 181 190 198 208 226 244 262 280 298 316 
29 53
10 11 12 18 19 20 21 22 23 24 25 26 27 28 30 31 32 33 34 35 46 47 48 63 65 67 80 83 86 97 101 105 114 119 124 131 137 143 148 155 165 173 182 191 199 209 216 227 245 263 281 299 317 
30 53
11 12 13 18 19 20 21 22 23 24 25 26 27 28 29 31 32 33 34 35 47 48 49 64 66 68 81 84 87 98 102 106 115 120 125 132 138 149 156 166 174 183 192 200 210 217 228 234 246 264 282 300 318 
31 53
12 13 14 18 19 20 21 22 23 24 25 26 27 28 29 30 32 33 34 35 48 49 50 65 67 69 82 85 88 99 103 107 116 121 133 139 150 157 167 175 184 193 201 211 218 229 235 247 252 265 283 301 319 
32 53
13 14 15 18 19 20 21 22 23 24 25 26 27 28 29 30 31 33 34 35 49 50 51 66 68 70 83 86 89 100 104 117 122 134 140 151 158 168 176 185 194 202 212 219 230 236 248 253 266 270 284 302 320 
33 53
14 15 16 18 19 20 21 22 23 24 25 26 27 28 29 30 31 32 34 35 50 51 52 67 69 71 84 87 101 105 118 123 135 141 152 159 169 177 186 195 203 213 220 231 237 249 254 267 271 285 288 303 321 
34 53
15 16 17 18 19 20 21 22 23 24 25 26 27 28 29 30 31 32 33 35 51 52 53 68 70 85 88 102 106 119 124 136 142 153 160 170 178 187 196 204 214 221 232 238 250 255 268 272 286 289 304 306 322 
35 51
16 17 18 19 20 21 22 23 24 25 26 27 28 29 30 31 32 33 34 52 53 69 71 86 89 103 107 120 125 137 143 154 161 171 179 188 197 205 215 222 233 239 251 256 269 273 287 290 305 307 323 
36 51
0 2 18 19 37 38 39 40 41 42 43 44 45 46 47 48 49 50 51 52 53 54 55 72 74 90 93 108 112 126 131 144 150 162 169 180 188 198 207 216 226 234 245 252 264 270 283 288 302 306 321 
37 53
1 3 18 19 20 36 38 39 40 41 42 43 44 45 46 47 48 49 50 51 52 53 54 55 56 73 75 91 94 109 113 127 132 145 151 163 170 181 189 199 208 217 227 235 246 253 265 271 284 289 303 307 322 
38 55
0 2 4 19 20 21 36 37 39 40 41 42 43 44 45 46 47 48 49 50 51 52 53 55 56 57 72 74 76 92 95 110 114 128 133 146 152 164 171 182 190 200 209 218 228 236 247 254 266 272 285 290 304 308 323 
39 55
1 3 5 20 21 22 36 37 38 40 41 42 43 44 45 46 47 48 49 50 51 52 53 56 57 58 73 75 77 90 93 96 111 115 129 134 147 153 165 172 183 191 201 210 219 229 237 248 255 267 273 286 291 305 309 
40 55
2 4 6 21 22 23 36 37 38 39 41 42 43 44 45 46 47 48 49 50 51 52 53 57 58 59 74 76 78 91 94 97 108 112 116 130 135 148 154 166 173 184 192 202 211 220 230 238 249 256 268 274 287 292 310 
41 55
3 5 7 22 23 24 36 37 38 39 40 42 43 44 45 46 47 48 49 50 51 52 53 58 59 60 75 77 79 92 95 98 109 113 117 126 131 136 149 155 167 174 185 193 203 212 221 231 239 250 257 269 275 293 311 
42 55
4 6 8 23 24 25 36 37 38 39 40 41 43 44 45 46 47 48 49 50 51 52 53 59 60 61 76 78 80 93 96 99 110 114 118 127 132 137 144 150 156 168 175 186 194 204 213 222 232 240 251 258 276 294 312 
43 55
5 7 9 24 25 26 36 37 38 39 40 41 42 44 45 46 47 48 49 50 51 52 53 60 61 62 77 79 81 94 97 100 111 115 119 128 133 138 145 151 157 162 169 176 187 195 205 214 223 233 241 259 277 295 313 
44 55
6 8 10 25 26 27 36 37 38 39 40 41 42 43 45 46 47 48 49 50 51 52 53 61 62 63 78 80 82 95 98 101 112 116 120 129 134 139 146 152 158 163 170 177 180 188 196 206 215 224 242 260 278 296 314 
45 55
7 9 11 26 27 28 36 37 38 39 40 41 42 43 44 46 47 48 49 50 51 52 53 62 63 64 79 81 83 96 99 102 113 117 121 130 135 140 147 153 159 164 171 178 181 189 197 198 207 225 243 261 279 297 315 
46 55
8 10 12 27 28 29 36 37 38 39 40 41 42 43 44 45 47 48 49 50 51 52 53 63 64 65 80 82 84 97 100 103 114 118 122 131 136 141 148 154 160 165 172 179 182 190 199 208 216 226 244 262 280 298 316 
47 55
9 11 13 28 29 30 36 37 38 39 40 41 42 43 44 45 46 48 49 50 51 52 53 64 65 66 81 83 85 98 101 104 115 119 123 132 137 142 149 155 161 166 173 183 191 200 209 217 227 234 245 263 281 299 317 
48 55
10 12 14 29 30 31 36 37 38 39 40 41 42 43 44 45 46 47 49 50 51 52 53 65 66 67 82 84 86 99 102 105 116 120 124 133 138 143 150 156 167 174 184 192 201 210 218 228 235 246 252 264 282 300 318 
49 55
11 13 15 30 31 32 36 37 38 39 40 41 42 43 44 45 46 47 48 50 51 52 53 66 67 68 83 85 87 100 103 106 117 121 125 134 139 151 157 168 175 185 193 202 211 219 229 236 247 253 265 270 283 301 319 
50 55
12 14 16 31 32 33 36 37 38 39 40 41 42 43 44 45 46 47 48 49 51 52 53 67 68 69 84 86 88 101 104 107 118 122 135 140 152 158 169 176 186 194 203 212 220 230 237 248 254 266 271 284 288 302 320 
51 55
13 15 17 32 33 34 36 37 38 39 40 41 42 43 44 45 46 47 48 49 50 52 53 68 69 70 85 87 89 102 105 119 123 136 141 153 159 170 177 187 195 204 213 221 231 238 249 255 267 272 285 289 303 306 321 
52 53
14 16 33 34 35 36 37 38 39 40 41 42 43 44 45 46 47 48 49 50 51 53 69 70 71 86 88 103 106 120 124 137 142 154 160 171 178 188 196 205 214 222 232 239 250 256 268 273 286 290 304 307 322 
53 51
15 17 34 35 36 37 38 39 40 41 42 43 44 45 46 47 48 49 50 51 52 70 71 87 89 104 107 121 125 138 143 155 161 172 179 189 197 206 215 223 233 240 251 257 269 274 287 291 305 308 323 
54 51
0 3 18 20 36 37 55 56 57 58 59 60 61 62 63 64 65 66 67 68 69 70 71 72 73 90 92 108 111 126 130 144 149 162 168 180 187 198 206 216 225 234 244 252 263 270 282 288 301 306 320 
55 53
1 4 19 21 36 37 38 54 56 57 58 59 60 61 62 63 64 65 66 67 68 69 70 71 72 73 74 91 93 109 112 127 131 145 150 163 169 181 188 199 207 217 226 235 245 253 264 271 283 289 302 307 321 
56 55
2 5 18 20 22 37 38 39 54 55 57 58 59 60 61 62 63 64 65 66 67 68 69 70 71 73 74 75 90 92 94 110 113 128 132 146 151 164 170 182 189 200 208 218 227 236 246 254 265 272 284 290 303 308 322 
57 57
0 3 6 19 21 23 38 39 40 54 55 56 58 59 60 61 62 63 64 65 66 67 68 69 70 71 74 75 76 91 93 95 108 111 114 129 133 147 152 165 171 183 190 201 209 219 228 237 247 255 266 273 285 291 304 309 323 
58 57
1 4 7 20 22 24 39 40 41 54 55 56 57 59 60 61 62 63 64 65 66 67 68 69 70 71 75 76 77 92 94 96 109 112 115 126 130 134 148 153 166 172 184 191 202 210 220 229 238 248 256 267 274 286 292 305 310 
59 57
2 5 8 21 23 25 40 41 42 54 55 56 57 58 60 61 62 63 64 65 66 67 68 69 70 71 76 77 78 93 95 97 110 113 116 127 131 135 144 149 154 167 173 185 192 203 211 221 230 239 249 257 268 275 287 293 311 
60 57
3 6 9 22 24 26 41 42 43 54 55 56 57 58 59 61 62 63 64 65 66 67 68 69 70 71 77 78 79 94 96 98 111 114 117 128 132 136 145 150 155 162 168 174 186 193 204 212 222 231 240 250 258 269 276 294 312 
61 57
4 7 10 23 25 27 42 43 44 54 55 56 57 58 59 60 62 63 64 65 66 67 68 69 70 71 78 79 80 95 97 99 112 115 118 129 133 137 146 151 156 163 169 175 180 187 194 205 213 223 232 241 251 259 277 295 313 
62 57
5 8 11 24 26 28 43 44 45 54 55 56 57 58 59 60 61 63 64 65 66 67 68 69 70 71 79 80 81 96 98 100 113 116 119 130 134 138 147 152 157 164 170 176 181 188 195 198 206 214 224 233 242 260 278 296 314 
63 57
6 9 12 25 27 29 44 45 46 54 55 56 57 58 59 60 61 62 64 65 66 67 68 69 70 71 80 81 82 97 99 101 114 117 120 131 135 139 148 153 158 165 171 177 182 189 196 199 207 215 216 225 243 261 279 297 315 
64 57
7 10 13 26 28 30 45 46 47 54 55 56 57 58 59 60 61 62 63 65 66 67 68 69 70 71 81 82 83 98 100 102 115 118 121 132 136 140 149 154 159 166 172 178 183 190 197 200 208 217 226 234 244 262 280 298 316 
65 57
8 11 14 27 29 31 46 47 48 54 55 56 57 58 59 60 61 62 63 64 66 67 68 69 70 71 82 83 84 99 101 103 116 119 122 133 137 141 150 155 160 167 173 179 184 191 201 209 218 227 235 245 252 263 281 299 317 
66 57
9 12 15 28 30 32 47 48 49 54 55 56 57 58 59 60 61 62 63 64 65 67 68 69 70 71 83 84 85 100 102 104 117 120 123 134 138 142 151 156 161 168 174 185 192 202 210 219 228 236 246 253 264 270 282 300 318 
67 57
10 13 16 29 31 33 48 49 50 54 55 56 57 58 59 60 61 62 63 64 65 66 68 69 70 71 84 85 86 101 103 105 118 121 124 135 139 143 152 157 169 175 186 193 203 211 220 229 237 247 254 265 271 283 288 301 319 
68 57
11 14 17 30 32 34 49 50 51 54 55 56 57 58 59 60 61 62 63 64 65 66 67 69 70 71 85 86 87 102 104 106 119 122 125 136 140 153 158 170 176 187 194 204 212 221 230 238 248 255 266 272 284 289 302 306 320 
69 55
12 15 31 33 35 50 51 52 54 55 56 57 58 59 60 61 62 63 64 65 66 67 68 70 71 86 87 88 103 105 107 120 123 137 141 154 159 171 177 188 195 205 213 222 231 239 249 256 267 273 285 290 303 307 321 
70 53
13 16 32 34 51 52 53 54 55 56 57 58 59 60 61 62 63 64 65 66 67 68 69 71 87 88 89 104 106 121 124 138 142 155 160 172 178 189 196 206 214 223 232 240 250 257 268 274 286 291 304 308 322 
71 51
14 17 33 35 52 53 54 55 56 57 58 59 60 61 62 63 64 65 66 67 68 69 70 88 89 105 107 122 125 139 143 156 161 173 179 190 197 207 215 224 233 241 251 258 269 275 287 292 305 309 323 
72 51
0 4 18 21 36 38 54 55 73 74 75 76 77 78 79 80 81 82 83 84 85 86 87 88 89 90 91 108 110 126 129 144 148 162 167 180 186 198 205 216 224 234 243 252 262 270 281 288 300 306 319 
73 53
1 5 19 22 37 39 54 55 56 72 74 75 76 77 78 79 80 81 82 83 84 85 86 87 88 89 90 91 92 109 111 127 130 145 149 163 168 181 187 199 206 217 225 235 244 253 263 271 282 289 301 307 320 
74 55
2 6 20 23 36 38 40 55 56 57 72 73 75 76 77 78 79 80 81 82 83 84 85 86 87 88 89 91 92 93 108 110 112 128 131 146 150 164 169 182 188 200 207 218 226 236 245 254 264 272 283 290 302 308 321 
75 57
3 7 18 21 24 37 39 41 56 57 58 72 73 74 76 77 78 79 80 81 82 83 84 85 86 87 88 89 92 93 94 109 111 113 126 129 132 147 151 165 170 183 189 201 208 219 227 237 246 255 265 273 284 291 303 309 322 
76 59
0 4 8 19 22 25 38 40 42 57 58 59 72 73 74 75 77 78 79 80 81 82 83 84 85 86 87 88 89 93 94 95 110 112 114 127 130 133 144 148 152 166 171 184 190 202 209 220 228 238 247 256 266 274 285 292 304 310 323 
77 59
1 5 9 20 23 26 39 41 43 58 59 60 72 73 74 75 76 78 79 80 81 82 83 84 85 86 87 88 89 94 95 96 111 113 115 128 131 134 145 149 153 162 167 172 185 191 203 210 221 229 239 248 257 267 275 286 293 305 311 
78 59
2 6 10 21 24 27 40 42 44 59 60 61 72 73 74 75 76 77 79 80 81 82 83 84 85 86 87 88 89 95 96 97 112 114 116 129 132 135 146 150 154 163 168 173 180 186 192 204 211 222 230 240 249 258 268 276 287 294 312 
79 59
3 7 11 22 25 28 41 43 45 60 61 62 72 73 74 75 76 77 78 80 81 82 83 84 85 86 87 88 89 96 97 98 113 115 117 130 133 136 147 151 155 164 169 174 181 187 193 198 205 212 223 231 241 250 259 269 277 295 313 
80 59
4 8 12 23 26 29 42 44 46 61 62 63 72 73 74 75 76 77 78 79 81 82 83 84 85 86 87 88 89 97 98 99 114 116 118 131 134 137 148 152 156 165 170 175 182 188 194 199 206 213 216 224 232 242 251 260 278 296 314 
81 59
5 9 13 24 27 30 43 45 47 62 63 64 72 73 74 75 76 77 78 79 80 82 83 84 85 86 87 88 89 98 99 100 115 117 119 132 135 138 149 153 157 166 171 176 183 189 195 200 207 214 217 225 233 234 243 261 279 297 315 
82 59
6 10 14 25 28 31 44 46 48 63 64 65 72 73 74 75 76 77 78 79 80 81 83 84 85 86 87 88 89 99 100 101 116 118 120 133 136 139 150 154 158 167 172 177 184 190 196 201 208 215 218 226 235 244 252 262 280 298 316 
83 59
7 11 15 26 29 32 45 47 49 64 65 66 72 73 74 75 76 77 78 79 80 81 82 84 85 86 87 88 89 100 101 102 117 119 121 134 137 140 151 155 159 168 173 178 185 191 197 202 209 219 227 236 245 253 263 270 281 299 317 
84 59
8 12 16 27 30 33 46 48 50 65 66 67 72 73 74 75 76 77 78 79 80 81 82 83 85 86 87 88 89 101 102 103 118 120 122 135 138 141 152 156 160 169 174 179 186 192 203 210 220 228 237 246 254 264 271 282 288 300 318 
85 59
9 13 17 28 31 34 47 49 51 66 67 68 72 73 74 75 76 77 78 79 80 81 82 83 84 86 87 88 89 102 103 104 119 121 123 136 139 142 153 157 161 170 175 187 193 204 211 221 229 238 247 255 265 272 283 289 301 306 319 
86 57
10 14 29 32 35 48 50 52 67 68 69 72 73 74 75 76 77 78 79 80 81 82 83 84 85 87 88 89 103 104 105 120 122 124 137 140 143 154 158 171 176 188 194 205 212 222 230 239 248 256 266 273 284 290 302 307 320 
87 55
11 15 30 33 49 51 53 68 69 70 72 73 74 75 76 77 78 79 80 81 82 83 84 85 86 88 89 104 105 106 121 123 125 138 141 155 159 172 177 189 195 206 213 223 231 240 249 257 267 274 285 291 303 308 321 
88 53
12 16 31 34 50 52 69 70 71 72 73 74 75 76 77 78 79 80 81 82 83 84 85 86 87 89 105 106 107 122 124 139 142 156 160 173 178 190 196 207 214 224 232 241 250 258 268 275 286 292 304 309 322 
89 51
13 17 32 35 51 53 70 71 72 73 74 75 76 77 78 79 80 81 82 83 84 85 86 87 88 106 107 123 125 140 143 157 161 174 179 191 197 208 215 225 233 242 251 259 269 276 287 293 305 310 323 
90 51
0 5 18 22 36 39 54 56 72 73 91 92 93 94 95 96 97 98 99 100 101 102 103 104 105 106 107 108 109 126 128 144 147 162 166 180 185 198 204 216 223 234 242 252 261 270 280 288 299 306 318 
91 53
1 6 19 23 37 40 55 57 72 73 74 90 92 93 94 95 96 97 98 99 100 101 102 103 104 105 106 107 108 109 110 127 129 145 148 163 167 181 186 199 205 217 224 235 243 253 262 271 281 289 300 307 319 
92 55
2 7 20 24 38 41 54 56 58 73 74 75 90 91 93 94 95 96 97 98 99 100 101 102 103 104 105 106 107 109 110 111 126 128 130 146 149 164 168 182 187 200 206 218 225 236 244 254 263 272 282 290 301 308 320 
93 57
3 8 21 25 36 39 42 55 57 59 74 75 76 90 91 92 94 95 96 97 98 99 100 101 102 103 104 105 106 107 110 111 112 127 129 131 144 147 150 165 169 183 188 201 207 219 226 237 245 255 264 273 283 291 302 309 321 
94 59
4 9 18 22 26 37 40 43 56 58 60 75 76 77 90 91 92 93 95 96 97 98 99 100 101 102 103 104 105 106 107 111 112 113 128 130 132 145 148 151 162 166 170 184 189 202 208 220 227 238 246 256 265 274 284 292 303 310 322 
95 61
0 5 10 19 23 27 38 41 44 57 59 61 76 77 78 90 91 92 93 94 96 97 98 99 100 101 102 103 104 105 106 107 112 113 114 129 131 133 146 149 152 163 167 171 180 185 190 203 209 221 228 239 247 257 266 275 285 293 304 311 323 
96 61
1 6 11 20 24 28 39 42 45 58 60 62 77 78 79 90 91 92 93 94 95 97 98 99 100 101 102 103 104 105 106 107 113 114 115 130 132 134 147 150 153 164 168 172 181 186 191 198 204 210 222 229 240 248 258 267 276 286 294 305 312 
97 61
2 7 12 21 25 29 40 43 46 59 61 63 78 79 80 90 91 92 93 94 95 96 98 99 100 101 102 103 104 105 106 107 114 115 116 131 133 135 148 151 154 165 169 173 182 187 192 199 205 211 216 223 230 241 249 259 268 277 287 295 313 
98 61
3 8 13 22 26 30 41 44 47 60 62 64 79 80 81 90 91 92 93 94 95 96 97 99 100 101 102 103 104 105 106 107 115 116 117 132 134 136 149 152 155 166 170 174 183 188 193 200 206 212 217 224 231 234 242 250 260 269 278 296 314 
99 61
4 9 14 23 27 31 42 45 48 61 63 65 80 81 82 90 91 92 93 94 95 96 97 98 100 101 102 103 104 105 106 107 116 117 118 133 135 137 150 153 156 167 171 175 184 189 194 201 207 213 218 225 232 235 243 251 252 261 279 297 315 
100 61
5 10 15 24 28 32 43 46 49 62 64 66 81 82 83 90 91 92 93 94 95 96 97 98 99 101 102 103 104 105 106 107 117 118 119 134 136 138 151 154 157 168 172 176 185 190 195 202 208 214 219 226 233 236 244 253 262 270 280 298 316 
101 61
6 11 16 25 29 33 44 47 50 63 65 67 82 83 84 90 91 92 93 94 95 96 97 98 99 100 102 103 104 105 106 107 118 119 120 135 137 139 152 155 158 169 173 177 186 191 196 203 209 215 220 227 237 245 254 263 271 281 288 299 317 
102 61
7 12 17 26 30 34 45 48 51 64 66 68 83 84 85 90 91 92 93 94 95 96 97 98 99 100 101 103 104 105 106 107 119 120 121 136 138 140 153 156 159 170 174 178 187 192 197 204 210 221 228 238 246 255 264 272 282 289 300 306 318 
103 59
8 13 27 31 35 46 49 52 65 67 69 84 85 86 90 91 92 93 94 95 96 97 98 99 100 101 102 104 105 106 107 120 121 122 137 139 141 154 157 160 171 175 179 188 193 205 211 222 229 239 247 256 265 273 283 290 301 307 319 
104 57
9 14 28 32 47 50 53 66 68 70 85 86 87 90 91 92 93 94 95 96 97 98 99 100 101 102 103 105 106 107 121 122 123 138 140 142 155 158 161 172 176 189 194 206 212 223 230 240 248 257 266 274 284 291 302 308 320 
105 55
10 15 29 33 48 51 67 69 71 86 87 88 90 91 92 93 94 95 96 97 98 99 100 101 102 103 104 106 107 122 123 124 139 141 143 156 159 173 177 190 195 207 213 224 231 241 249 258 267 275 285 292 303 309 321 
106 53
11 16 30 34 49 52 68 70 87 88 89 90 91 92 93 94 95 96 97 98 99 100 101 102 103 104 105 107 123 124 125 140 142 157 160 174 178 191 196 208 214 225 232 242 250 259 268 276 286 293 304 310 322 
107 51
12 17 31 35 50 53 69 71 88 89 90 91 92 93 94 95 96 97 98 99 100 101 102 103 104 105 106 124 125 141 143 158 161 175 179 192 197 209 215 226 233 243 251 260 269 277 287 294 305 311 323 
108 51
0 6 18 23 36 40 54 57 72 74 90 91 109 110 111 112 113 114 115 116 117 118 119 120 121 122 123 124 125 126 127 144 146 162 165 180 184 198 203 216 222 234 241 252 260 270 279 288 298 306 317 
109 53
1 7 19 24 37 41 55 58 73 75 90 91 92 108 110 111 112 113 114 115 116 117 118 119 120 121 122 123 124 125 126 127 128 145 147 163 166 181 185 199 204 217 223 235 242 253 261 271 280 289 299 307 318 
110 55
2 8 20 25 38 42 56 59 72 74 76 91 92 93 108 109 111 112 113 114 115 116 117 118 119 120 121 122 123 124 125 127 128 129 144 146 148 164 167 182 186 200 205 218 224 236 243 254 262 272 281 290 300 308 319 
111 57
3 9 21 26 39 43 54 57 60 73 75 77 92 93 94 108 109 110 112 113 114 115 116 117 118 119 120 121 122 123 124 125 128 129 130 145 147 149 162 165 168 183 187 201 206 219 225 237 244 255 263 273 282 291 301 309 320 
112 59
4 10 22 27 36 40 44 55 58 61 74 76 78 93 94 95 108 109 110 111 113 114 115 116 117 118 119 120 121 122 123 124 125 129 130 131 146 148 150 163 166 169 180 184 188 202 207 220 226 238 245 256 264 274 283 292 302 310 321 
113 61
5 11 18 23 28 37 41 45 56 59 62 75 77 79 94 95 96 108 109 110 111 112 114 115 116 117 118 119 120 121 122 123 124 125 130 131 132 147 149 151 164 167 170 181 185 189 198 203 208 221 227 239 246 257 265 275 284 293 303 311 322 
114 63
0 6 12 19 24 29 38 42 46 57 60 63 76 78 80 95 96 97 108 109 110 111 112 113 115 116 117 118 119 120 121 122 123 124 125 131 132 133 148 150 152 165 168 171 182 186 190 199 204 209 216 222 228 240 247 258 266 276 285 294 304 312 323 
115 63
1 7 13 20 25 30 39 43 47 58 61 64 77 79 81 96 97 98 108 109 110 111 112 113 114 116 117 118 119 120 121 122 123 124 125 132 133 134 149 151 153 166 169 172 183 187 191 200 205 210 217 223 229 234 241 248 259 267 277 286 295 305 313 
116 63
2 8 14 21 26 31 40 44 48 59 62 65 78 80 82 97 98 99 108 109 110 111 112 113 114 115 117 118 119 120 121 122 123 124 125 133 134 135 150 152 154 167 170 173 184 188 192 201 206 211 218 224 230 235 242 249 252 260 268 278 287 296 314 
117 63
3 9 15 22 27 32 41 45 49 60 63 66 79 81 83 98 99 100 108 109 110 111 112 113 114 115 116 118 119 120 121 122 123 124 125 134 135 136 151 153 155 168 171 174 185 189 193 202 207 212 219 225 231 236 243 250 253 261 269 270 279 297 315 
118 63
4 10 16 23 28 33 42 46 50 61 64 67 80 82 84 99 100 101 108 109 110 111 112 113 114 115 116 117 119 120 121 122 123 124 125 135 136 137 152 154 156 169 172 175 186 190 194 203 208 213 220 226 232 237 244 251 254 262 271 280 288 298 316 
119 63
5 11 17 24 29 34 43 47 51 62 65 68 81 83 85 100 101 102 108 109 110 111 112 113 114 115 116 117 118 120 121 122 123 124 125 136 137 138 153 155 157 170 173 176 187 191 195 204 209 214 221 227 233 238 245 255 263 272 281 289 299 306 317 
120 61
6 12 25 30 35 44 48 52 63 66 69 82 84 86 101 102 103 108 109 110 111 112 113 114 115 116 117 118 119 121 122 123 124 125 137 138 139 154 156 158 171 174 177 188 192 196 205 210 215 222 228 239 246 256 264 273 282 290 300 307 318 
121 59
7 13 26 31 45 49 53 64 67 70 83 85 87 102 103 104 108 109 110 111 112 113 114 115 116 117 118 119 120 122 123 124 125 138 139 140 155 157 159 172 175 178 189 193 197 206 211 223 229 240 247 257 265 274 283 291 301 308 319 
122 57
8 14 27 32 46 50 65 68 71 84 86 88 103 104 105 108 109 110 111 112 113 114 115 116 117 118 119 120 121 123 124 125 139 140 141 156 158 160 173 176 179 190 194 207 212 224 230 241 248 258 266 275 284 292 302 309 320 
123 55
9 15 28 33 47 51 66 69 85 87 89 104 105 106 108 109 110 111 112 113 114 115 116 117 118 119 120 121 122 124 125 140 141 142 157 159 161 174 177 191 195 208 213 225 231 242 249 259 267 276 285 293 303 310 321 
124 53
10 16 29 34 48 52 67 70 86 88 105 106 107 108 109 110 111 112 113 114 115 116 117 118 119 120 121 122 123 125 141 142 143 158 160 175 178 192 196 209 214 226 232 243 250 260 268 277 286 294 304 311 322 
125 51
11 17 30 35 49 53 68 71 87 89 106 107 108 109 110 111 112 113 114 115 116 117 118 119 120 121 122 123 124 142 143 159 161 176 179 193 197 210 215 227 233 244 251 261 269 278 287 295 305 312 323 
126 51
0 7 18 24 36 41 54 58 72 75 90 92 108 109 127 128 129 130 131 132 133 134 135 136 137 138 139 140 141 142 143 144 145 162 164 180 183 198 202 216 221 234 240 252 259 270 278 288 297 306 316 
127 53
1 8 19 25 37 42 55 59 73 76 91 93 108 109 110 126 128 129 130 131 132 133 134 135 136 137 138 139 140 141 142 143 144 145 146 163 165 181 184 199 203 217 222 235 241 253 260 271 279 289 298 307 317 
128 55
2 9 20 26 38 43 56 60 74 77 90 92 94 109 110 111 126 127 129 130 131 132 133 134 135 136 137 138 139 140 141 142 143 145 146 147 162 164 166 182 185 200 204 218 223 236 242 254 261 272 280 290 299 308 318 
129 57
3 10 21 27 39 44 57 61 72 75 78 91 93 95 110 111 112 126 127 128 130 131 132 133 134 135 136 137 138 139 140 141 142 143 146 147 148 163 165 167 180 183 186 201 205 219 224 237 243 255 262 273 281 291 300 309 319 
130 59
4 11 22 28 40 45 54 58 62 73 76 79 92 94 96 111 112 113 126 127 128 129 131 132 133 134 135 136 137 138 139 140 141 142 143 147 148 149 164 166 168 181 184 187 198 202 206 220 225 238 244 256 263 274 282 292 301 310 320 
131 61
5 12 23 29 36 41 46 55 59 63 74 77 80 93 95 97 112 113 114 126 127 128 129 130 132 133 134 135 136 137 138 139 140 141 142 143 148 149 150 165 167 169 182 185 188 199 203 207 216 221 226 239 245 257 264 275 283 293 302 311 321 
132 63
6 13 18 24 30 37 42 47 56 60 64 75 78 81 94 96 98 113 114 115 126 127 128 129 130 131 133 134 135 136 137 138 139 140 141 142 143 149 150 151 166 168 170 183 186 189 200 204 208 217 222 227 234 240 246 258 265 276 284 294 303 312 322 
133 65
0 7 14 19 25 31 38 43 48 57 61 65 76 79 82 95 97 99 114 115 116 126 127 128 129 130 131 132 134 135 136 137 138 139 140 141 142 143 150 151 152 167 169 171 184 187 190 201 205 209 218 223 228 235 241 247 252 259 266 277 285 295 304 313 323 
134 65
1 8 15 20 26 32 39 44 49 58 62 66 77 80 83 96 98 100 115 116 117 126 127 128 129 130 131 132 133 135 136 137 138 139 140 141 142 143 151 152 153 168 170 172 185 188 191 202 206 210 219 224 229 236 242 248 253 260 267 270 278 286 296 305 314 
135 65
2 9 16 21 27 33 40 45 50 59 63 67 78 81 84 97 99 101 116 117 118 126 127 128 129 130 131 132 133 134 136 137 138 139 140 141 142 143 152 153 154 169 171 173 186 189 192 203 207 211 220 225 230 237 243 249 254 261 268 271 279 287 288 297 315 
136 65
3 10 17 22 28 34 41 46 51 60 64 68 79 82 85 98 100 102 117 118 119 126 127 128 129 130 131 132 133 134 135 137 138 139 140 141 142 143 153 154 155 170 172 174 187 190 193 204 208 212 221 226 231 238 244 250 255 262 269 272 280 289 298 306 316 
137 63
4 11 23 29 35 42 47 52 61 65 69 80 83 86 99 101 103 118 119 120 126 127 128 129 130 131 132 133 134 135 136 138 139 140 141 142 143 154 155 156 171 173 175 188 191 194 205 209 213 222 227 232 239 245 251 256 263 273 281 290 299 307 317 
138 61
5 12 24 30 43 48 53 62 66 70 81 84 87 100 102 104 119 120 121 126 127 128 129 130 131 132 133 134 135 136 137 139 140 141 142 143 155 156 157 172 174 176 189 192 195 206 210 214 223 228 233 240 246 257 264 274 282 291 300 308 318 
139 59
6 13 25 31 44 49 63 67 71 82 85 88 101 103 105 120 121 122 126 127 128 129 130 131 132 133 134 135 136 137 138 140 141 142 143 156 157 158 173 175 177 190 193 196 207 211 215 224 229 241 247 258 265 275 283 292 301 309 319 
140 57
7 14 26 32 45 50 64 68 83 86 89 102 104 106 121 122 123 126 127 128 129 130 131 132 133 134 135 136 137 138 139 141 142 143 157 158 159 174 176 178 191 194 197 208 212 225 230 242 248 259 266 276 284 293 302 310 320 
141 55
8 15 27 33 46 51 65 69 84 87 103 105 107 122 123 124 126 127 128 129 130 131 132 133 134 135 136 137 138 139 140 142 143 158 159 160 175 177 179 192 195 209 213 226 231 243 249 260 267 277 285 294 303 311 321 
142 53
9 16 28 34 47 52 66 70 85 88 104 106 123 124 125 126 127 128 129 130 131 132 133 134 135 136 137 138 139 140 141 143 159 160 161 176 178 193 196 210 214 227 232 244 250 261 268 278 286 295 304 312 322 
143 51
10 17 29 35 48 53 67 71 86 89 105 107 124 125 126 127 128 129 130 131 132 133 134 135 136 137 138 139 140 141 142 160 161 177 179 194 197 211 215 228 233 245 251 262 269 279 287 296 305 313 323 
144 51
0 8 18 25 36 42 54 59 72 76 90 93 108 110 126 127 145 146 147 148 149 150 151 152 153 154 155 156 157 158 159 160 161 162 163 180 182 198 201 216 220 234 239 252 258 270 277 288 296 306 315 
145 53
1 9 19 26 37 43 55 60 73 77 91 94 109 111 126 127 128 144 146 147 148 149 150 151 152 153 154 155 156 157 158 159 160 161 162 163 164 181 183 199 202 217 221 235 240 253 259 271 278 289 297 307 316 
146 55
2 10 20 27 38 44 56 61 74 78 92 95 108 110 112 127 128 129 144 145 147 148 149 150 151 152 153 154 155 156 157 158 159 160 161 163 164 165 180 182 184 200 203 218 222 236 241 254 260 272 279 290 298 308 317 
147 57
3 11 21 28 39 45 57 62 75 79 90 93 96 109 111 113 128 129 130 144 145 146 148 149 150 151 152 153 154 155 156 157 158 159 160 161 164 165 166 181 183 185 198 201 204 219 223 237 242 255 261 273 280 291 299 309 318 
148 59
4 12 22 29 40 46 58 63 72 76 80 91 94 97 110 112 114 129 130 131 144 145 146 147 149 150 151 152 153 154 155 156 157 158 159 160 161 165 166 167 182 184 186 199 202 205 216 220 224 238 243 256 262 274 281 292 300 310 319 
149 61
5 13 23 30 41 47 54 59 64 73 77 81 92 95 98 111 113 115 130 131 132 144 145 146 147 148 150 151 152 153 154 155 156 157 158 159 160 161 166 167 168 183 185 187 200 203 206 217 221 225 234 239 244 257 263 275 282 293 301 311 320 
150 63
6 14 24 31 36 42 48 55 60 65 74 78 82 93 96 99 112 114 116 131 132 133 144 145 146 147 148 149 151 152 153 154 155 156 157 158 159 160 161 167 168 169 184 186 188 201 204 207 218 222 226 235 240 245 252 258 264 276 283 294 302 312 321 
151 65
7 15 18 25 32 37 43 49 56 61 66 75 79 83 94 97 100 113 115 117 132 133 134 144 145 146 147 148 149 150 152 153 154 155 156 157 158 159 160 161 168 169 170 185 187 189 202 205 208 219 223 227 236 241 246 253 259 265 270 277 284 295 303 313 322 
152 67
0 8 16 19 26 33 38 44 50 57 62 67 76 80 84 95 98 101 114 116 118 133 134 135 144 145 146 147 148 149 150 151 153 154 155 156 157 158 159 160 161 169 170 171 186 188 190 203 206 209 220 224 228 237 242 247 254 260 266 271 278 285 288 296 304 314 323 
153 67
1 9 17 20 27 34 39 45 51 58 63 68 77 81 85 96 99 102 115 117 119 134 135 136 144 145 146 147 148 149 150 151 152 154 155 156 157 158 159 160 161 170 171 172 187 189 191 204 207 210 221 225 229 238 243 248 255 261 267 272 279 286 289 297 305 306 315 
154 65
2 10 21 28 35 40 46 52 59 64 69 78 82 86 97 100 103 116 118 120 135 136 137 144 145 146 147 148 149 150 151 152 153 155 156 157 158 159 160 161 171 172 173 188 190 192 205 208 211 222 226 230 239 244 249 256 262 268 273 280 287 290 298 307 316 
155 63
3 11 22 29 41 47 53 60 65 70 79 83 87 98 101 104 117 119 121 136 137 138 144 145 146 147 148 149 150 151 152 153 154 156 157 158 159 160 161 172 173 174 189 191 193 206 209 212 223 227 231 240 245 250 257 263 269 274 281 291 299 308 317 
156 61
4 12 23 30 42 48 61 66 71 80 84 88 99 102 105 118 120 122 137 138 139 144 145 146 147 148 149 150 151 152 153 154 155 157 158 159 160 161 173 174 175 190 192 194 207 210 213 224 228 232 241 246 251 258 264 275 282 292 300 309 318 
157 59
5 13 24 31 43 49 62 67 81 85 89 100 103 106 119 121 123 138 139 140 144 145 146 147 148 149 150 151 152 153 154 155 156 158 159 160 161 174 175 176 191 193 195 208 211 214 225 229 233 242 247 259 265 276 283 293 301 310 319 
158 57
6 14 25 32 44 50 63 68 82 86 101 104 107 120 122 124 139 140 141 144 145 146 147 148 149 150 151 152 153 154 155 156 157 159 160 161 175 176 177 192 194 196 209 212 215 226 230 243 248 260 266 277 284 294 302 311 320 
159 55
7 15 26 33 45 51 64 69 83 87 102 105 121 123 125 140 141 142 144 145 146 147 148 149 150 151 152 153 154 155 156 157 158 160 161 176 177 178 193 195 197 210 213 227 231 244 249 261 267 278 285 295 303 312 321 
160 53
8 16 27 34 46 52 65 70 84 88 103 106 122 124 141 142 143 144 145 146 147 148 149 150 151 152 153 154 155 156 157 158 159 161 177 178 179 194 196 211 214 228 232 245 250 262 268 279 286 296 304 313 322 
161 51
9 17 28 35 47 53 66 71 85 89 104 107 123 125 142 143 144 145 146 147 148 149 150 151 152 153 154 155 156 157 158 159 160 178 179 195 197 212 215 229 233 246 251 263 269 280 287 297 305 314 323 
162 51
0 9 18 26 36 43 54 60 72 77 90 94 108 111 126 128 144 145 163 164 165 166 167 168 169 170 171 172 173 174 175 176 177 178 179 180 181 198 200 216 219 234 238 252 257 270 276 288 295 306 314 
163 53
1 10 19 27 37 44 55 61 73 78 91 95 109 112 127 129 144 145 146 162 164 165 166 167 168 169 170 171 172 173 174 175 176 177 178 179 180 181 182 199 201 217 220 235 239 253 258 271 277 289 296 307 315 
164 55
2 11 20 28 38 45 56 62 74 79 92 96 110 113 126 128 130 145 146 147 162 163 165 166 167 168 169 170 171 172 173 174 175 176 177 178 179 181 182 183 198 200 202 218 221 236 240 254 259 272 278 290 297 308 316 
165 57
3 12 21 29 39 46 57 63 75 80 93 97 108 111 114 127 129 131 146 147 148 162 163 164 166 167 168 169 170 171 172 173 174 175 176 177 178 179 182 183 184 199 201 203 216 219 222 237 241 255 260 273 279 291 298 309 317 
166 59
4 13 22 30 40 47 58 64 76 81 90 94 98 109 112 115 128 130 132 147 148 149 162 163 164 165 167 168 169 170 171 172 173 174 175 176 177 178 179 183 184 185 200 202 204 217 220 223 234 238 242 256 261 274 280 292 299 310 318 
167 61
5 14 23 31 41 48 59 65 72 77 82 91 95 99 110 113 116 129 131 133 148 149 150 162 163 164 165 166 168 169 170 171 172 173 174 175 176 177 178 179 184 185 186 201 203 205 218 221 224 235 239 243 252 257 262 275 281 293 300 311 319 
168 63
6 15 24 32 42 49 54 60 66 73 78 83 92 96 100 111 114 117 130 132 134 149 150 151 162 163 164 165 166 167 169 170 171 172 173 174 175 176 177 178 179 185 186 187 202 204 206 219 222 225 236 240 244 253 258 263 270 276 282 294 301 312 320 
169 65
7 16 25 33 36 43 50 55 61 67 74 79 84 93 97 101 112 115 118 131 133 135 150 151 152 162 163 164 165 166 167 168 170 171 172 173 174 175 176 177 178 179 186 187 188 203 205 207 220 223 226 237 241 245 254 259 264 271 277 283 288 295 302 313 321 
170 67
8 17 18 26 34 37 44 51 56 62 68 75 80 85 94 98 102 113 116 119 132 134 136 151 152 153 162 163 164 165 166 167 168 169 171 172 173 174 175 176 177 178 179 187 188 189 204 206 208 221 224 227 238 242 246 255 260 265 272 278 284 289 296 303 306 314 322 
171 67
0 9 19 27 35 38 45 52 57 63 69 76 81 86 95 99 103 114 117 120 133 135 137 152 153 154 162 163 164 165 166 167 168 169 170 172 173 174 175 176 177 178 179 188 189 190 205 207 209 222 225 228 239 243 247 256 261 266 273 279 285 290 297 304 307 315 323 
172 65
1 10 20 28 39 46 53 58 64 70 77 82 87 96 100 104 115 118 121 134 136 138 153 154 155 162 163 164 165 166 167 168 169 170 171 173 174 175 176 177 178 179 189 190 191 206 208 210 223 226 229 240 244 248 257 262 267 274 280 286 291 298 305 308 316 
173 63
2 11 21 29 40 47 59 65 71 78 83 88 97 101 105 116 119 122 135 137 139 154 155 156 162 163 164 165 166 167 168 169 170 171 172 174 175 176 177 178 179 190 191 192 207 209 211 224 227 230 241 245 249 258 263 268 275 281 287 292 299 309 317 
174 61
3 12 22 30 41 48 60 66 79 84 89 98 102 106 117 120 123 136 138 140 155 156 157 162 163 164 165 166 167 168 169 170 171 172 173 175 176 177 178 179 191 192 193 208 210 212 225 228 231 242 246 250 259 264 269 276 282 293 300 310 318 
175 59
4 13 23 31 42 49 61 67 80 85 99 103 107 118 121 124 137 139 141 156 157 158 162 163 164 165 166 167 168 169 170 171 172 173 174 176 177 178 179 192 193 194 209 211 213 226 229 232 243 247 251 260 265 277 283 294 301 311 319 
176 57
5 14 24 32 43 50 62 68 81 86 100 104 119 122 125 138 140 142 157 158 159 162 163 164 165 166 167 168 169 170 171 172 173 174 175 177 178 179 193 194 195 210 212 214 227 230 233 244 248 261 266 278 284 295 302 312 320 
177 55
6 15 25 33 44 51 63 69 82 87 101 105 120 123 139 141 143 158 159 160 162 163 164 165 166 167 168 169 170 171 172 173 174 175 176 178 179 194 195 196 211 213 215 228 231 245 249 262 267 279 285 296 303 313 321 
178 53
7 16 26 34 45 52 64 70 83 88 102 106 121 124 140 142 159 160 161 162 163 164 165 166 167 168 169 170 171 172 173 174 175 176 177 179 195 196 197 212 214 229 232 246 250 263 268 280 286 297 304 314 322 
179 51
8 17 27 35 46 53 65 71 84 89 103 107 122 125 141 143 160 161 162 163 164 165 166 167 168 169 170 171 172 173 174 175 176 177 178 196 197 213 215 230 233 247 251 264 269 281 287 298 305 315 323 
180 51
0 10 18 27 36 44 54 61 72 78 90 95 108 112 126 129 144 146 162 163 181 182 183 184 185 186 187 188 189 190 191 192 193 194 195 196 197 198 199 216 218 234 237 252 256 270 275 288 294 306 313 
181 53
1 11 19 28 37 45 55 62 73 79 91 96 109 113 127 130 145 147 162 163 164 180 182 183 184 185 186 187 188 189 190 191 192 193 194 195 196 197 198 199 200 217 219 235 238 253 257 271 276 289 295 307 314 
182 55
2 12 20 29 38 46 56 63 74 80 92 97 110 114 128 131 144 146 148 163 164 165 180 181 183 184 185 186 187 188 189 190 191 192 193 194 195 196 197 199 200 201 216 218 220 236 239 254 258 272 277 290 296 308 315 
183 57
3 13 21 30 39 47 57 64 75 81 93 98 111 115 126 129 132 145 147 149 164 165 166 180 181 182 184 185 186 187 188 189 190 191 192 193 194 195 196 197 200 201 202 217 219 221 234 237 240 255 259 273 278 291 297 309 316 
184 59
4 14 22 31 40 48 58 65 76 82 94 99 108 112 116 127 130 133 146 148 150 165 166 167 180 181 182 183 185 186 187 188 189 190 191 192 193 194 195 196 197 201 202 203 218 220 222 235 238 241 252 256 260 274 279 292 298 310 317 
185 61
5 15 23 32 41 49 59 66 77 83 90 95 100 109 113 117 128 131 134 147 149 151 166 167 168 180 181 182 183 184 186 187 188 189 190 191 192 193 194 195 196 197 202 203 204 219 221 223 236 239 242 253 257 261 270 275 280 293 299 311 318 
186 63
6 16 24 33 42 50 60 67 72 78 84 91 96 101 110 114 118 129 132 135 148 150 152 167 168 169 180 181 182 183 184 185 187 188 189 190 191 192 193 194 195 196 197 203 204 205 220 222 224 237 240 243 254 258 262 271 276 281 288 294 300 312 319 
187 65
7 17 25 34 43 51 54 61 68 73 79 85 92 97 102 111 115 119 130 133 136 149 151 153 168 169 170 180 181 182 183 184 185 186 188 189 190 191 192 193 194 195 196 197 204 205 206 221 223 225 238 241 244 255 259 263 272 277 282 289 295 301 306 313 320 
188 65
8 26 35 36 44 52 55 62 69 74 80 86 93 98 103 112 116 120 131 134 137 150 152 154 169 170 171 180 181 182 183 184 185 186 187 189 190 191 192 193 194 195 196 197 205 206 207 222 224 226 239 242 245 256 260 264 273 278 283 290 296 302 307 314 321 
189 65
9 18 27 37 45 53 56 63 70 75 81 87 94 99 104 113 117 121 132 135 138 151 153 155 170 171 172 180 181 182 183 184 185 186 187 188 190 191 192 193 194 195 196 197 206 207 208 223 225 227 240 243 246 257 261 265 274 279 284 291 297 303 308 315 322 
190 65
0 10 19 28 38 46 57 64 71 76 82 88 95 100 105 114 118 122 133 136 139 152 154 156 171 172 173 180 181 182 183 184 185 186 187 188 189 191 192 193 194 195 196 197 207 208 209 224 226 228 241 244 247 258 262 266 275 280 285 292 298 304 309 316 323 
191 63
1 11 20 29 39 47 58 65 77 83 89 96 101 106 115 119 123 134 137 140 153 155 157 172 173 174 180 181 182 183 184 185 186 187 188 189 190 192 193 194 195 196 197 208 209 210 225 227 229 242 245 248 259 263 267 276 281 286 293 299 305 310 317 
192 61
2 12 21 30 40 48 59 66 78 84 97 102 107 116 120 124 135 138 141 154 156 158 173 174 175 180 181 182 183 184 185 186 187 188 189 190 191 193 194 195 196 197 209 210 211 226 228 230 243 246 249 260 264 268 277 282 287 294 300 311 318 
193 59
3 13 22 31 41 49 60 67 79 85 98 103 117 121 125 136 139 142 155 157 159 174 175 176 180 181 182 183 184 185 186 187 188 189 190 191 192 194 195 196 197 210 211 212 227 229 231 244 247 250 261 265 269 278 283 295 301 312 319 
194 57
4 14 23 32 42 50 61 68 80 86 99 104 118 122 137 140 143 156 158 160 175 176 177 180 181 182 183 184 185 186 187 188 189 190 191 192 193 195 196 197 211 212 213 228 230 232 245 248 251 262 266 279 284 296 302 313 320 
195 55
5 15 24 33 43 51 62 69 81 87 100 105 119 123 138 141 157 159 161 176 177 178 180 181 182 183 184 185 186 187 188 189 190 191 192 193 194 196 197 212 213 214 229 231 233 246 249 263 267 280 285 297 303 314 321 
196 53
6 16 25 34 44 52 63 70 82 88 101 106 120 124 139 142 158 160 177 178 179 180 181 182 183 184 185 186 187 188 189 190 191 192 193 194 195 197 213 214 215 230 232 247 250 264 268 281 286 298 304 315 322 
197 51
7 17 26 35 45 53 64 71 83 89 102 107 121 125 140 143 159 161 178 179 180 181 182 183 184 185 186 187 188 189 190 191 192 193 194 195 196 214 215 231 233 248 251 265 269 282 287 299 305 316 323 
198 51
0 11 18 28 36 45 54 62 72 79 90 96 108 113 126 130 144 147 162 164 180 181 199 200 201 202 203 204 205 206 207 208 209 210 211 212 213 214 215 216 217 234 236 252 255 270 274 288 293 306 312 
199 53
1 12 19 29 37 46 55 63 73 80 91 97 109 114 127 131 145 148 163 165 180 181 182 198 200 201 202 203 204 205 206 207 208 209 210 211 212 213 214 215 216 217 218 235 237 253 256 271 275 289 294 307 313 
200 55
2 13 20 30 38 47 56 64 74 81 92 98 110 115 128 132 146 149 162 164 166 181 182 183 198 199 201 202 203 204 205 206 207 208 209 210 211 212 213 214 215 217 218 219 234 236 238 254 257 272 276 290 295 308 314 
201 57
3 14 21 31 39 48 57 65 75 82 93 99 111 116 129 133 144 147 150 163 165 167 182 183 184 198 199 200 202 203 204 205 206 207 208 209 210 211 212 213 214 215 218 219 220 235 237 239 252 255 258 273 277 291 296 309 315 
202 59
4 15 22 32 40 49 58 66 76 83 94 100 112 117 126 130 134 145 148 151 164 166 168 183 184 185 198 199 200 201 203 204 205 206 207 208 209 210 211 212 213 214 215 219 220 221 236 238 240 253 256 259 270 274 278 292 297 310 316 
203 61
5 16 23 33 41 50 59 67 77 84 95 101 108 113 118 127 131 135 146 149 152 165 167 169 184 185 186 198 199 200 201 202 204 205 206 207 208 209 210 211 212 213 214 215 220 221 222 237 239 241 254 257 260 271 275 279 288 293 298 311 317 
204 63
6 17 24 34 42 51 60 68 78 85 90 96 102 109 114 119 128 132 136 147 150 153 166 168 170 185 186 187 198 199 200 201 202 203 205 206 207 208 209 210 211 212 213 214 215 221 222 223 238 240 242 255 258 261 272 276 280 289 294 299 306 312 318 
205 63
7 25 35 43 52 61 69 72 79 86 91 97 103 110 115 120 129 133 137 148 151 154 167 169 171 186 187 188 198 199 200 201 202 203 204 206 207 208 209 210 211 212 213 214 215 222 223 224 239 241 243 256 259 262 273 277 281 290 295 300 307 313 319 
206 63
8 26 44 53 54 62 70 73 80 87 92 98 104 111 116 121 130 134 138 149 152 155 168 170 172 187 188 189 198 199 200 201 202 203 204 205 207 208 209 210 211 212 213 214 215 223 224 225 240 242 244 257 260 263 274 278 282 291 296 301 308 314 320 
207 63
9 27 36 45 55 63 71 74 81 88 93 99 105 112 117 122 131 135 139 150 153 156 169 171 173 188 189 190 198 199 200 201 202 203 204 205 206 208 209 210 211 212 213 214 215 224 225 226 241 243 245 258 261 264 275 279 283 292 297 302 309 315 321 
208 63
10 18 28 37 46 56 64 75 82 89 94 100 106 113 118 123 132 136 140 151 154 157 170 172 174 189 190 191 198 199 200 201 202 203 204 205 206 207 209 210 211 212 213 214 215 225 226 227 242 244 246 259 262 265 276 280 284 293 298 303 310 316 322 
209 63
0 11 19 29 38 47 57 65 76 83 95 101 107 114 119 124 133 137 141 152 155 158 171 173 175 190 191 192 198 199 200 201 202 203 204 205 206 207 208 210 211 212 213 214 215 226 227 228 243 245 247 260 263 266 277 281 285 294 299 304 311 317 323 
210 61
1 12 20 30 39 48 58 66 77 84 96 102 115 120 125 134 138 142 153 156 159 172 174 176 191 192 193 198 199 200 201 202 203 204 205 206 207 208 209 211 212 213 214 215 227 228 229 244 246 248 261 264 267 278 282 286 295 300 305 312 318 
211 59
2 13 21 31 40 49 59 67 78 85 97 103 116 121 135 139 143 154 157 160 173 175 177 192 193 194 198 199 200 201 202 203 204 205 206 207 208 209 210 212 213 214 215 228 229 230 245 247 249 262 265 268 279 283 287 296 301 313 319 
212 57
3 14 22 32 41 50 60 68 79 86 98 104 117 122 136 140 155 158 161 174 176 178 193 194 195 198 199 200 201 202 203 204 205 206 207 208 209 210 211 213 214 215 229 230 231 246 248 250 263 266 269 280 284 297 302 314 320 
213 55
4 15 23 33 42 51 61 69 80 87 99 105 118 123 137 141 156 159 175 177 179 194 195 196 198 199 200 201 202 203 204 205 206 207 208 209 210 211 212 214 215 230 231 232 247 249 251 264 267 281 285 298 303 315 321 
214 53
5 16 24 34 43 52 62 70 81 88 100 106 119 124 138 142 157 160 176 178 195 196 197 198 199 200 201 202 203 204 205 206 207 208 209 210 211 212 213 215 231 232 233 248 250 265 268 282 286 299 304 316 322 
215 51
6 17 25 35 44 53 63 71 82 89 101 107 120 125 139 143 158 161 177 179 196 197 198 199 200 201 202 203 204 205 206 207 208 209 210 211 212 213 214 232 233 249 251 266 269 283 287 300 305 317 323 
216 51
0 12 18 29 36 46 54 63 72 80 90 97 108 114 126 131 144 148 162 165 180 182 198 199 217 218 219 220 221 222 223 224 225 226 227 228 229 230 231 232 233 234 235 252 254 270 273 288 292 306 311 
217 53
1 13 19 30 37 47 55 64 73 81 91 98 109 115 127 132 145 149 163 166 181 183 198 199 200 216 218 219 220 221 222 223 224 225 226 227 228 229 230 231 232 233 234 235 236 253 255 271 274 289 293 307 312 
218 55
2 14 20 31 38 48 56 65 74 82 92 99 110 116 128 133 146 150 164 167 180 182 184 199 200 201 216 217 219 220 221 222 223 224 225 226 227 228 229 230 231 232 233 235 236 237 252 254 256 272 275 290 294 308 313 
219 57
3 15 21 32 39 49 57 66 75 83 93 100 111 117 129 134 147 151 162 165 168 181 183 185 200 201 202 216 217 218 220 221 222 223 224 225 226 227 228 229 230 231 232 233 236 237 238 253 255 257 270 273 276 291 295 309 314 
220 59
4 16 22 33 40 50 58 67 76 84 94 101 112 118 130 135 144 148 152 163 166 169 182 184 186 201 202 203 216 217 218 219 221 222 223 224 225 226 227 228 229 230 231 232 233 237 238 239 254 256 258 271 274 277 288 292 296 310 315 
221 61
5 17 23 34 41 51 59 68 77 85 95 102 113 119 126 131 136 145 149 153 164 167 170 183 185 187 202 203 204 216 217 218 219 220 222 223 224 225 226 227 228 229 230 231 232 233 238 239 240 255 257 259 272 275 278 289 293 297 306 311 316 
222 61
6 24 35 42 52 60 69 78 86 96 103 108 114 120 127 132 137 146 150 154 165 168 171 184 186 188 203 204 205 216 217 218 219 220 221 223 224 225 226 227 228 229 230 231 232 233 239 240 241 256 258 260 273 276 279 290 294 298 307 312 317 
223 61
7 25 43 53 61 70 79 87 90 97 104 109 115 121 128 133 138 147 151 155 166 169 172 185 187 189 204 205 206 216 217 218 219 220 221 222 224 225 226 227 228 229 230 231 232 233 240 241 242 257 259 261 274 277 280 291 295 299 308 313 318 
224 61
8 26 44 62 71 72 80 88 91 98 105 110 116 122 129 134 139 148 152 156 167 170 173 186 188 190 205 206 207 216 217 218 219 220 221 222 223 225 226 227 228 229 230 231 232 233 241 242 243 258 260 262 275 278 281 292 296 300 309 314 319 
225 61
9 27 45 54 63 73 81 89 92 99 106 111 117 123 130 135 140 149 153 157 168 171 174 187 189 191 206 207 208 216 217 218 219 220 221 222 223 224 226 227 228 229 230 231 232 233 242 243 244 259 261 263 276 279 282 293 297 301 310 315 320 
226 61
10 28 36 46 55 64 74 82 93 100 107 112 118 124 131 136 141 150 154 158 169 172 175 188 190 192 207 208 209 216 217 218 219 220 221 222 223 224 225 227 228 229 230 231 232 233 243 244 245 260 262 264 277 280 283 294 298 302 311 316 321 
227 61
11 18 29 37 47 56 65 75 83 94 101 113 119 125 132 137 142 151 155 159 170 173 176 189 191 193 208 209 210 216 217 218 219 220 221 222 223 224 225 226 228 229 230 231 232 233 244 245 246 261 263 265 278 281 284 295 299 303 312 317 322 
228 61
0 12 19 30 38 48 57 66 76 84 95 102 114 120 133 138 143 152 156 160 171 174 177 190 192 194 209 210 211 216 217 218 219 220 221 222 223 224 225 226 227 229 230 231 232 233 245 246 247 262 264 266 279 282 285 296 300 304 313 318 323 
229 59
1 13 20 31 39 49 58 67 77 85 96 103 115 121 134 139 153 157 161 172 175 178 191 193 195 210 211 212 216 217 218 219 220 221 222 223 224 225 226 227 228 230 231 232 233 246 247 248 263 265 267 280 283 286 297 301 305 314 319 
230 57
2 14 21 32 40 50 59 68 78 86 97 104 116 122 135 140 154 158 173 176 179 192 194 196 211 212 213 216 217 218 219 220 221 222 223 224 225 226 227 228 229 231 232 233 247 248 249 264 266 268 281 284 287 298 302 315 320 
231 55
3 15 22 33 41 51 60 69 79 87 98 105 117 123 136 141 155 159 174 177 193 195 197 212 213 214 216 217 218 219 220 221 222 223 224 225 226 227 228 229 230 232 233 248 249 250 265 267 269 282 285 299 303 316 321 
232 53
4 16 23 34 42 52 61 70 80 88 99 106 118 124 137 142 156 160 175 178 194 196 213 214 215 216 217 218 219 220 221 222 223 224 225 226 227 228 229 230 231 233 249 250 251 266 268 283 286 300 304 317 322 
233 51
5 17 24 35 43 53 62 71 81 89 100 107 119 125 138 143 157 161 176 179 195 197 214 215 216 217 218 219 220 221 222 223 224 225 226 227 228 229 230 231 232 250 251 267 269 284 287 301 305 318 323 
234 51
0 13 18 30 36 47 54 64 72 81 90 98 108 115 126 132 144 149 162 166 180 183 198 200 216 217 235 236 237 238 239 240 241 242 243 244 245 246 247 248 249 250 251 252 253 270 272 288 291 306 310 
235 53
1 14 19 31 37 48 55 65 73 82 91 99 109 116 127 133 145 150 163 167 181 184 199 201 216 217 218 234 236 237 238 239 240 241 242 243 244 245 246 247 248 249 250 251 252 253 254 271 273 289 292 307 311 
236 55
2 15 20 32 38 49 56 66 74 83 92 100 110 117 128 134 146 151 164 168 182 185 198 200 202 217 218 219 234 235 237 238 239 240 241 242 243 244 245 246 247 248 249 250 251 253 254 255 270 272 274 290 293 308 312 
237 57
3 16 21 33 39 50 57 67 75 84 93 101 111 118 129 135 147 152 165 169 180 183 186 199 201 203 218 219 220 234 235 236 238 239 240 241 242 243 244 245 246 247 248 249 250 251 254 255 256 271 273 275 288 291 294 309 313 
238 59
4 17 22 34 40 51 58 68 76 85 94 102 112 119 130 136 148 153 162 166 170 181 184 187 200 202 204 219 220 221 234 235 236 237 239 240 241 242 243 244 245 246 247 248 249 250 251 255 256 257 272 274 276 289 292 295 306 310 314 
239 59
5 23 35 41 52 59 69 77 86 95 103 113 120 131 137 144 149 154 163 167 171 182 185 188 201 203 205 220 221 222 234 235 236 237 238 240 241 242 243 244 245 246 247 248 249 250 251 256 257 258 273 275 277 290 293 296 307 311 315 
240 59
6 24 42 53 60 70 78 87 96 104 114 121 126 132 138 145 150 155 164 168 172 183 186 189 202 204 206 221 222 223 234 235 236 237 238 239 241 242 243 244 245 246 247 248 249 250 251 257 258 259 274 276 278 291 294 297 308 312 316 
241 59
7 25 43 61 71 79 88 97 105 108 115 122 127 133 139 146 151 156 165 169 173 184 187 190 203 205 207 222 223 224 234 235 236 237 238 239 240 242 243 244 245 246 247 248 249 250 251 258 259 260 275 277 279 292 295 298 309 313 317 
242 59
8 26 44 62 80 89 90 98 106 109 116 123 128 134 140 147 152 157 166 170 174 185 188 191 204 206 208 223 224 225 234 235 236 237 238 239 240 241 243 244 245 246 247 248 249 250 251 259 260 261 276 278 280 293 296 299 310 314 318 
243 59
9 27 45 63 72 81 91 99 107 110 117 124 129 135 141 148 153 158 167 171 175 186 189 192 205 207 209 224 225 226 234 235 236 237 238 239 240 241 242 244 245 246 247 248 249 250 251 260 261 262 277 279 281 294 297 300 311 315 319 
244 59
10 28 46 54 64 73 82 92 100 111 118 125 130 136 142 149 154 159 168 172 176 187 190 193 206 208 210 225 226 227 234 235 236 237 238 239 240 241 242 243 245 246 247 248 249 250 251 261 262 263 278 280 282 295 298 301 312 316 320 
245 59
11 29 36 47 55 65 74 83 93 101 112 119 131 137 143 150 155 160 169 173 177 188 191 194 207 209 211 226 227 228 234 235 236 237 238 239 240 241 242 243 244 246 247 248 249 250 251 262 263 264 279 281 283 296 299 302 313 317 321 
246 59
12 18 30 37 48 56 66 75 84 94 102 113 120 132 138 151 156 161 170 174 178 189 192 195 208 210 212 227 228 229 234 235 236 237 238 239 240 241 242 243 244 245 247 248 249 250 251 263 264 265 280 282 284 297 300 303 314 318 322 
247 59
0 13 19 31 38 49 57 67 76 85 95 103 114 121 133 139 152 157 171 175 179 190 193 196 209 211 213 228 229 230 234 235 236 237 238 239 240 241 242 243 244 245 246 248 249 250 251 264 265 266 281 283 285 298 301 304 315 319 323 
248 57
1 14 20 32 39 50 58 68 77 86 96 104 115 122 134 140 153 158 172 176 191 194 197 210 212 214 229 230 231 234 235 236 237 238 239 240 241 242 243 244 245 246 247 249 250 251 265 266 267 282 284 286 299 302 305 316 320 
249 55
2 15 21 33 40 51 59 69 78 87 97 105 116 123 135 141 154 159 173 177 192 195 211 213 215 230 231 232 234 235 236 237 238 239 240 241 242 243 244 245 246 247 248 250 251 266 267 268 283 285 287 300 303 317 321 
250 53
3 16 22 34 41 52 60 70 79 88 98 106 117 124 136 142 155 160 174 178 193 196 212 214 231 232 233 234 235 236 237 238 239 240 241 242 243 244 245 246 247 248 249 251 267 268 269 284 286 301 304 318 322 
251 51
4 17 23 35 42 53 61 71 80 89 99 107 118 125 137 143 156 161 175 179 194 197 213 215 232 233 234 235 236 237 238 239 240 241 242 243 244 245 246 247 248 249 250 268 269 285 287 302 305 319 323 
252 51
0 14 18 31 36 48 54 65 72 82 90 99 108 116 126 133 144 150 162 167 180 184 198 201 216 218 234 235 253 254 255 256 257 258 259 260 261 262 263 264 265 266 267 268 269 270 271 288 290 306 309 
253 53
1 15 19 32 37 49 55 66 73 83 91 100 109 117 127 134 145 151 163 168 181 185 199 202 217 219 234 235 236 252 254 255 256 257 258 259 260 261 262 263 264 265 266 267 268 269 270 271 272 289 291 307 310 
254 55
2 16 20 33 38 50 56 67 74 84 92 101 110 118 128 135 146 152 164 169 182 186 200 203 216 218 220 235 236 237 252 253 255 256 257 258 259 260 261 262 263 264 265 266 267 268 269 271 272 273 288 290 292 308 311 
255 57
3 17 21 34 39 51 57 68 75 85 93 102 111 119 129 136 147 153 165 170 183 187 198 201 204 217 219 221 236 237 238 252 253 254 256 257 258 259 260 261 262 263 264 265 266 267 268 269 272 273 274 289 291 293 306 309 312 
256 57
4 22 35 40 52 58 69 76 86 94 103 112 120 130 137 148 154 166 171 180 184 188 199 202 205 218 220 222 237 238 239 252 253 254 255 257 258 259 260 261 262 263 264 265 266 267 268 269 273 274 275 290 292 294 307 310 313 
257 57
5 23 41 53 59 70 77 87 95 104 113 121 131 138 149 155 162 167 172 181 185 189 200 203 206 219 221 223 238 239 240 252 253 254 255 256 258 259 260 261 262 263 264 265 266 267 268 269 274 275 276 291 293 295 308 311 314 
258 57
6 24 42 60 71 78 88 96 105 114 122 132 139 144 150 156 163 168 173 182 186 190 201 204 207 220 222 224 239 240 241 252 253 254 255 256 257 259 260 261 262 263 264 265 266 267 268 269 275 276 277 292 294 296 309 312 315 
259 57
7 25 43 61 79 89 97 106 115 123 126 133 140 145 151 157 164 169 174 183 187 191 202 205 208 221 223 225 240 241 242 252 253 254 255 256 257 258 260 261 262 263 264 265 266 267 268 269 276 277 278 293 295 297 310 313 316 
260 57
8 26 44 62 80 98 107 108 116 124 127 134 141 146 152 158 165 170 175 184 188 192 203 206 209 222 224 226 241 242 243 252 253 254 255 256 257 258 259 261 262 263 264 265 266 267 268 269 277 278 279 294 296 298 311 314 317 
261 57
9 27 45 63 81 90 99 109 117 125 128 135 142 147 153 159 166 171 176 185 189 193 204 207 210 223 225 227 242 243 244 252 253 254 255 256 257 258 259 260 262 263 264 265 266 267 268 269 278 279 280 295 297 299 312 315 318 
262 57
10 28 46 64 72 82 91 100 110 118 129 136 143 148 154 160 167 172 177 186 190 194 205 208 211 224 226 228 243 244 245 252 253 254 255 256 257 258 259 260 261 263 264 265 266 267 268 269 279 280 281 296 298 300 313 316 319 
263 57
11 29 47 54 65 73 83 92 101 111 119 130 137 149 155 161 168 173 178 187 191 195 206 209 212 225 227 229 244 245 246 252 253 254 255 256 257 258 259 260 261 262 264 265 266 267 268 269 280 281 282 297 299 301 314 317 320 
264 57
12 30 36 48 55 66 74 84 93 102 112 120 131 138 150 156 169 174 179 188 192 196 207 210 213 226 228 230 245 246 247 252 253 254 255 256 257 258 259 260 261 262 263 265 266 267 268 269 281 282 283 298 300 302 315 318 321 
265 57
13 18 31 37 49 56 67 75 85 94 103 113 121 132 139 151 157 170 175 189 193 197 208 211 214 227 229 231 246 247 248 252 253 254 255 256 257 258 259 260 261 262 263 264 266 267 268 269 282 283 284 299 301 303 316 319 322 
266 57
0 14 19 32 38 50 57 68 76 86 95 104 114 122 133 140 152 158 171 176 190 194 209 212 215 228 230 232 247 248 249 252 253 254 255 256 257 258 259 260 261 262 263 264 265 267 268 269 283 284 285 300 302 304 317 320 323 
267 55
1 15 20 33 39 51 58 69 77 87 96 105 115 123 134 141 153 159 172 177 191 195 210 213 229 231 233 248 249 250 252 253 254 255 256 257 258 259 260 261 262 263 264 265 266 268 269 284 285 286 301 303 305 318 321 
268 53
2 16 21 34 40 52 59 70 78 88 97 106 116 124 135 142 154 160 173 178 192 196 211 214 230 232 249 250 251 252 253 254 255 256 257 258 259 260 261 262 263 264 265 266 267 269 285 286 287 302 304 319 322 
269 51
3 17 22 35 41 53 60 71 79 89 98 107 117 125 136 143 155 161 174 179 193 197 212 215 231 233 250 251 252 253 254 255 256 257 258 259 260 261 262 263 264 265 266 267 268 286 287 303 305 320 323 
270 51
0 15 18 32 36 49 54 66 72 83 90 100 108 117 126 134 144 151 162 168 180 185 198 202 216 219 234 236 252 253 271 272 273 274 275 276 277 278 279 280 281 282 283 284 285 286 287 288 289 306 308 
271 53
1 16 19 33 37 50 55 67 73 84 91 101 109 118 127 135 145 152 163 169 181 186 199 203 217 220 235 237 252 253 254 270 272 273 274 275 276 277 278 279 280 281 282 283 284 285 286 287 288 289 290 307 309 
272 55
2 17 20 34 38 51 56 68 74 85 92 102 110 119 128 136 146 153 164 170 182 187 200 204 218 221 234 236 238 253 254 255 270 271 273 274 275 276 277 278 279 280 281 282 283 284 285 286 287 289 290 291 306 308 310 
273 55
3 21 35 39 52 57 69 75 86 93 103 111 120 129 137 147 154 165 171 183 188 201 205 216 219 222 235 237 239 254 255 256 270 271 272 274 275 276 277 278 279 280 281 282 283 284 285 286 287 290 291 292 307 309 311 
274 55
4 22 40 53 58 70 76 87 94 104 112 121 130 138 148 155 166 172 184 189 198 202 206 217 220 223 236 238 240 255 256 257 270 271 272 273 275 276 277 278 279 280 281 282 283 284 285 286 287 291 292 293 308 310 312 
275 55
5 23 41 59 71 77 88 95 105 113 122 131 139 149 156 167 173 180 185 190 199 203 207 218 221 224 237 239 241 256 257 258 270 271 272 273 274 276 277 278 279 280 281 282 283 284 285 286 287 292 293 294 309 311 313 
276 55
6 24 42 60 78 89 96 106 114 123 132 140 150 157 162 168 174 181 186 191 200 204 208 219 222 225 238 240 242 257 258 259 270 271 272 273 274 275 277 278 279 280 281 282 283 284 285 286 287 293 294 295 310 312 314 
277 55
7 25 43 61 79 97 107 115 124 133 141 144 151 158 163 169 175 182 187 192 201 205 209 220 223 226 239 241 243 258 259 260 270 271 272 273 274 275 276 278 279 280 281 282 283 284 285 286 287 294 295 296 311 313 315 
278 55
8 26 44 62 80 98 116 125 126 134 142 145 152 159 164 170 176 183 188 193 202 206 210 221 224 227 240 242 244 259 260 261 270 271 272 273 274 275 276 277 279 280 281 282 283 284 285 286 287 295 296 297 312 314 316 
279 55
9 27 45 63 81 99 108 117 127 135 143 146 153 160 165 171 177 184 189 194 203 207 211 222 225 228 241 243 245 260 261 262 270 271 272 273 274 275 276 277 278 280 281 282 283 284 285 286 287 296 297 298 313 315 317 
280 55
10 28 46 64 82 90 100 109 118 128 136 147 154 161 166 172 178 185 190 195 204 208 212 223 226 229 242 244 246 261 262 263 270 271 272 273 274 275 276 277 278 279 281 282 283 284 285 286 287 297 298 299 314 316 318 
281 55
11 29 47 65 72 83 91 101 110 119 129 137 148 155 167 173 179 186 191 196 205 209 213 224 227 230 243 245 247 262 263 264 270 271 272 273 274 275 276 277 278 279 280 282 283 284 285 286 287 298 299 300 315 317 319 
282 55
12 30 48 54 66 73 84 92 102 111 120 130 138 149 156 168 174 187 192 197 206 210 214 225 228 231 244 246 248 263 264 265 270 271 272 273 274 275 276 277 278 279 280 281 283 284 285 286 287 299 300 301 316 318 320 
283 55
13 31 36 49 55 67 74 85 93 103 112 121 131 139 150 157 169 175 188 193 207 211 215 226 229 232 245 247 249 264 265 266 270 271 272 273 274 275 276 277 278 279 280 281 282 284 285 286 287 300 301 302 317 319 321 
284 55
14 18 32 37 50 56 68 75 86 94 104 113 122 132 140 151 158 170 176 189 194 208 212 227 230 233 246 248 250 265 266 267 270 271 272 273 274 275 276 277 278 279 280 281 282 283 285 286 287 301 302 303 318 320 322 
285 55
0 15 19 33 38 51 57 69 76 87 95 105 114 123 133 141 152 159 171 177 190 195 209 213 228 231 247 249 251 266 267 268 270 271 272 273 274 275 276 277 278 279 280 281 282 283 284 286 287 302 303 304 319 321 323 
286 53
1 16 20 34 39 52 58 70 77 88 96 106 115 124 134 142 153 160 172 178 191 196 210 214 229 232 248 250 267 268 269 270 271 272 273 274 275 276 277 278 279 280 281 282 283 284 285 287 303 304 305 320 322 
287 51
2 17 21 35 40 53 59 71 78 89 97 107 116 125 135 143 154 161 173 179 192 197 211 215 230 233 249 251 268 269 270 271 272 273 274 275 276 277 278 279 280 281 282 283 284 285 286 304 305 321 323 
288 51
0 16 18 33 36 50 54 67 72 84 90 101 108 118 126 135 144 152 162 169 180 186 198 203 216 220 234 237 252 254 270 271 289 290 291 292 293 294 295 296 297 298 299 300 301 302 303 304 305 306 307 
289 53
1 17 19 34 37 51 55 68 73 85 91 102 109 119 127 136 145 153 163 170 181 187 199 204 217 221 235 238 253 255 270 271 272 288 290 291 292 293 294 295 296 297 298 299 300 301 302 303 304 305 306 307 308 
290 53
2 20 35 38 52 56 69 74 86 92 103 110 120 128 137 146 154 164 171 182 188 200 205 218 222 236 239 252 254 256 271 272 273 288 289 291 292 293 294 295 296 297 298 299 300 301 302 303 304 305 307 308 309 
291 53
3 21 39 53 57 70 75 87 93 104 111 121 129 138 147 155 165 172 183 189 201 206 219 223 234 237 240 253 255 257 272 273 274 288 289 290 292 293 294 295 296 297 298 299 300 301 302 303 304 305 308 309 310 
292 53
4 22 40 58 71 76 88 94 105 112 122 130 139 148 156 166 173 184 190 202 207 216 220 224 235 238 241 254 256 258 273 274 275 288 289 290 291 293 294 295 296 297 298 299 300 301 302 303 304 305 309 310 311 
293 53
5 23 41 59 77 89 95 106 113 123 131 140 149 157 167 174 185 191 198 203 208 217 221 225 236 239 242 255 257 259 274 275 276 288 289 290 291 292 294 295 296 297 298 299 300 301 302 303 304 305 310 311 312 
294 53
6 24 42 60 78 96 107 114 124 132 141 150 158 168 175 180 186 192 199 204 209 218 222 226 237 240 243 256 258 260 275 276 277 288 289 290 291 292 293 295 296 297 298 299 300 301 302 303 304 305 311 312 313 
295 53
7 25 43 61 79 97 115 125 133 142 151 159 162 169 176 181 187 193 200 205 210 219 223 227 238 241 244 257 259 261 276 277 278 288 289 290 291 292 293 294 296 297 298 299 300 301 302 303 304 305 312 313 314 
296 53
8 26 44 62 80 98 116 134 143 144 152 160 163 170 177 182 188 194 201 206 211 220 224 228 239 242 245 258 260 262 277 278 279 288 289 290 291 292 293 294 295 297 298 299 300 301 302 303 304 305 313 314 315 
297 53
9 27 45 63 81 99 117 126 135 145 153 161 164 171 178 183 189 195 202 207 212 221 225 229 240 243 246 259 261 263 278 279 280 288 289 290 291 292 293 294 295 296 298 299 300 301 302 303 304 305 314 315 316 
298 53
10 28 46 64 82 100 108 118 127 136 146 154 165 172 179 184 190 196 203 208 213 222 226 230 241 244 247 260 262 264 279 280 281 288 289 290 291 292 293 294 295 296 297 299 300 301 302 303 304 305 315 316 317 
299 53
11 29 47 65 83 90 101 109 119 128 137 147 155 166 173 185 191 197 204 209 214 223 227 231 242 245 248 261 263 265 280 281 282 288 289 290 291 292 293 294 295 296 297 298 300 301 302 303 304 305 316 317 318 
300 53
12 30 48 66 72 84 91 102 110 120 129 138 148 156 167 174 186 192 205 210 215 224 228 232 243 246 249 262 264 266 281 282 283 288 289 290 291 292 293 294 295 296 297 298 299 301 302 303 304 305 317 318 319 
301 53
13 31 49 54 67 73 85 92 103 111 121 130 139 149 157 168 175 187 193 206 211 225 229 233 244 247 250 263 265 267 282 283 284 288 289 290 291 292 293 294 295 296 297 298 299 300 302 303 304 305 318 319 320 
302 53
14 32 36 50 55 68 74 86 93 104 112 122 131 140 150 158 169 176 188 194 207 212 226 230 245 248 251 264 266 268 283 284 285 288 289 290 291 292 293 294 295 296 297 298 299 300 301 303 304 305 319 320 321 
303 53
15 18 33 37 51 56 69 75 87 94 105 113 123 132 141 151 159 170 177 189 195 208 213 227 231 246 249 265 267 269 284 285 286 288 289 290 291 292 293 294 295 296 297 298 299 300 301 302 304 305 320 321 322 
304 53
0 16 19 34 38 52 57 70 76 88 95 106 114 124 133 142 152 160 171 178 190 196 209 214 228 232 247 250 266 268 285 286 287 288 289 290 291 292 293 294 295 296 297 298 299 300 301 302 303 305 321 322 323 
305 51
1 17 20 35 39 53 58 71 77 89 96 107 115 125 134 143 153 161 172 179 191 197 210 215 229 233 248 251 267 269 286 287 288 289 290 291 292 293 294 295 296 297 298 299 300 301 302 303 304 322 323 
306 51
0 17 18 34 36 51 54 68 72 85 90 102 108 119 126 136 144 153 162 170 180 187 198 204 216 221 234 238 252 255 270 272 288 289 307 308 309 310 311 312 313 314 315 316 317 318 319 320 321 322 323 
307 51
1 19 35 37 52 55 69 73 86 91 103 109 120 127 137 145 154 163 171 181 188 199 205 217 222 235 239 253 256 271 273 288 289 290 306 308 309 310 311 312 313 314 315 316 317 318 319 320 321 322 323 
308 51
2 20 38 53 56 70 74 87 92 104 110 121 128 138 146 155 164 172 182 189 200 206 218 223 236 240 254 257 270 272 274 289 290 291 306 307 309 310 311 312 313 314 315 316 317 318 319 320 321 322 323 
309 51
3 21 39 57 71 75 88 93 105 111 122 129 139 147 156 165 173 183 190 201 207 219 224 237 241 252 255 258 271 273 275 290 291 292 306 307 308 310 311 312 313 314 315 316 317 318 319 320 321 322 323 
310 51
4 22 40 58 76 89 94 106 112 123 130 140 148 157 166 174 184 191 202 208 220 225 234 238 242 253 256 259 272 274 276 291 292 293 306 307 308 309 311 312 313 314 315 316 317 318 319 320 321 322 323 
311 51
5 23 41 59 77 95 107 113 124 131 141 149 158 167 175 185 192 203 209 216 221 226 235 239 243 254 257 260 273 275 277 292 293 294 306 307 308 309 310 312 313 314 315 316 317 318 319 320 321 322 323 
312 51
6 24 42 60 78 96 114 125 132 142 150 159 168 176 186 193 198 204 210 217 222 227 236 240 244 255 258 261 274 276 278 293 294 295 306 307 308 309 310 311 313 314 315 316 317 318 319 320 321 322 323 
313 51
7 25 43 61 79 97 115 133 143 151 160 169 177 180 187 194 199 205 211 218 223 228 237 241 245 256 259 262 275 277 279 294 295 296 306 307 308 309 310 311 312 314 315 316 317 318 319 320 321 322 323 
314 51
8 26 44 62 80 98 116 134 152 161 162 170 178 181 188 195 200 206 212 219 224 229 238 242 246 257 260 263 276 278 280 295 296 297 306 307 308 309 310 311 312 313 315 316 317 318 319 320 321 322 323 
315 51
9 27 45 63 81 99 117 135 144 153 163 171 179 182 189 196 201 207 213 220 225 230 239 243 247 258 261 264 277 279 281 296 297 298 306 307 308 309 310 311 312 313 314 316 317 318 319 320 321 322 323 
316 51
10 28 46 64 82 100 118 126 136 145 154 164 172 183 190 197 202 208 214 221 226 231 240 244 248 259 262 265 278 280 282 297 298 299 306 307 308 309 310 311 312 313 314 315 317 318 319 320 321 322 323 
317 51
11 29 47 65 83 101 108 119 127 137 146 155 165 173 184 191 203 209 215 222 227 232 241 245 249 260 263 266 279 281 283 298 299 300 306 307 308 309 310 311 312 313 314 315 316 318 319 320 321 322 323 
318 51
12 30 48 66 84 90 102 109 120 128 138 147 156 166 174 185 192 204 210 223 228 233 242 246 250 261 264 267 280 282 284 299 300 301 306 307 308 309 310 311 312 313 314 315 316 317 319 320 321 322 323 
319 51
13 31 49 67 72 85 91 103 110 121 129 139 148 157 167 175 186 193 205 211 224 229 243 247 251 262 265 268 281 283 285 300 301 302 306 307 308 309 310 311 312 313 314 315 316 317 318 320 321 322 323 
320 51
14 32 50 54 68 73 86 92 104 111 122 130 140 149 158 168 176 187 194 206 212 225 230 244 248 263 266 269 282 284 286 301 302 303 306 307 308 309 310 311 312 313 314 315 316 317 318 319 321 322 323 
321 51
15 33 36 51 55 69 74 87 93 105 112 123 131 141 150 159 169 177 188 195 207 213 226 231 245 249 264 267 283 285 287 302 303 304 306 307 308 309 310 311 312 313 314 315 316 317 318 319 320 322 323 
322 51
16 18 34 37 52 56 70 75 88 94 106 113 124 132 142 151 160 170 178 189 196 208 214 227 232 246 250 265 268 284 286 303 304 305 306 307 308 309 310 311 312 313 314 315 316 317 318 319 320 321 323 
323 51
0 17 19 35 38 53 57 71 76 89 95 107 114 125 133 143 152 161 171 179 190 197 209 215 228 233 247 251 266 269 285 287 304 305 306 307 308 309 310 311 312 313 314 315 316 317 318 319 320 321 322 
