361

0 54
1 2 3 4 5 6 7 8 9 10 11 12 13 14 15 16 17 18 19 20 38 40 57 60 76 80 95 100 114 120 133 140 152 160 171 180 190 200 209 220 228 240 247 260 266 280 285 300 304 320 323 340 342 360 
1 54
0 2 3 4 5 6 7 8 9 10 11 12 13 14 15 16 17 18 19 20 21 39 41 58 61 77 81 96 101 115 121 134 141 153 161 172 181 191 201 210 221 229 241 248 261 267 281 286 301 305 321 324 341 343 
2 54
0 1 3 4 5 6 7 8 9 10 11 12 13 14 15 16 17 18 20 21 22 38 40 42 59 62 78 82 97 102 116 122 135 142 154 162 173 182 192 202 211 222 230 242 249 262 268 282 287 302 306 322 325 344 
3 54
0 1 2 4 5 6 7 8 9 10 11 12 13 14 15 16 17 18 21 22 23 39 41 43 57 60 63 79 83 98 103 117 123 136 143 155 163 174 183 193 203 212 223 231 243 250 263 269 283 288 303 307 326 345 
4 54
0 1 2 3 5 6 7 8 9 10 11 12 13 14 15 16 17 18 22 23 24 40 42 44 58 61 64 76 80 84 99 104 118 124 137 144 156 164 175 184 194 204 213 224 232 244 251 264 270 284 289 308 327 346 
5 54
0 1 2 3 4 6 7 8 9 10 11 12 13 14 15 16 17 18 23 24 25 41 43 45 59 62 65 77 81 85 95 100 105 119 125 138 145 157 165 176 185 195 205 214 225 233 245 252 265 271 290 309 328 347 
6 54
0 1 2 3 4 5 7 8 9 10 11 12 13 14 15 16 17 18 24 25 26 42 44 46 60 63 66 78 82 86 96 101 106 114 120 126 139 146 158 166 177 186 196 206 215 226 234 246 253 272 291 310 329 348 
7 54
0 1 2 3 4 5 6 8 9 10 11 12 13 14 15 16 17 18 25 26 27 43 45 47 61 64 67 79 83 87 97 102 107 115 121 127 133 140 147 159 167 178 187 197 207 216 227 235 254 273 292 311 330 349 
8 54
0 1 2 3 4 5 6 7 9 10 11 12 13 14 15 16 17 18 26 27 28 44 46 48 62 65 68 80 84 88 98 103 108 116 122 128 134 141 148 152 160 168 179 188 198 208 217 236 255 274 293 312 331 350 
9 54
0 1 2 3 4 5 6 7 8 10 11 12 13 14 15 16 17 18 27 28 29 45 47 49 63 66 69 81 85 89 99 104 109 117 123 129 135 142 149 153 161 169 171 180 189 199 218 237 256 275 294 313 332 351 
10 54
0 1 2 3 4 5 6 7 8 9 11 12 13 14 15 16 17 18 28 29 30 46 48 50 64 67 70 82 86 90 100 105 110 118 124 130 136 143 150 154 162 170 172 181 190 200 219 238 257 276 295 314 333 352 
11 54
0 1 2 3 4 5 6 7 8 9 10 12 13 14 15 16 17 18 29 30 31 47 49 51 65 68 71 83 87 91 101 106 111 119 125 131 137 144 151 155 163 173 182 191 201 209 220 239 258 277 296 315 334 353 
12 54
0 1 2 3 4 5 6 7 8 9 10 11 13 14 15 16 17 18 30 31 32 48 50 52 66 69 72 84 88 92 102 107 112 120 126 132 138 145 156 164 174 183 192 202 210 221 228 240 259 278 297 316 335 354 
13 54
0 1 2 3 4 5 6 7 8 9 10 11 12 14 15 16 17 18 31 32 33 49 51 53 67 70 73 85 89 93 103 108 113 121 127 139 146 157 165 175 184 193 203 211 222 229 241 247 260 279 298 317 336 355 
14 54
0 1 2 3 4 5 6 7 8 9 10 11 12 13 15 16 17 18 32 33 34 50 52 54 68 71 74 86 90 94 104 109 122 128 140 147 158 166 176 185 194 204 212 223 230 242 248 261 266 280 299 318 337 356 
15 54
0 1 2 3 4 5 6 7 8 9 10 11 12 13 14 16 17 18 33 34 35 51 53 55 69 72 75 87 91 105 110 123 129 141 148 159 167 177 186 195 205 213 224 231 243 249 262 267 281 285 300 319 338 357 
16 54
0 1 2 3 4 5 6 7 8 9 10 11 12 13 14 15 17 18 34 35 36 52 54 56 70 73 88 92 106 111 124 130 142 149 160 168 178 187 196 206 214 225 232 244 250 263 268 282 286 301 304 320 339 358 
17 54
0 1 2 3 4 5 6 7 8 9 10 11 12 13 14 15 16 18 35 36 37 53 55 71 74 89 93 107 112 125 131 143 150 161 169 179 188 197 207 215 226 233 245 251 264 269 283 287 302 305 321 323 340 359 
18 54
0 1 2 3 4 5 6 7 8 9 10 11 12 13 14 15 16 17 36 37 54 56 72 75 90 94 108 113 126 132 144 151 162 170 180 189 198 208 216 227 234 246 252 265 270 284 288 303 306 322 324 341 342 360 
19 54
0 1 20 21 22 23 24 25 26 27 28 29 30 31 32 33 34 35 36 37 38 39 57 59 76 79 95 99 114 119 133 139 152 159 171 179 190 199 209 219 228 239 247 259 266 279 285 299 304 319 323 339 342 359 
20 56
0 1 2 19 21 22 23 24 25 26 27 28 29 30 31 32 33 34 35 36 37 38 39 40 58 60 77 80 96 100 115 120 134 140 153 160 172 180 191 200 210 220 229 240 248 260 267 280 286 300 305 320 324 340 343 360 
21 56
1 2 3 19 20 22 23 24 25 26 27 28 29 30 31 32 33 34 35 36 37 39 40 41 57 59 61 78 81 97 101 116 121 135 141 154 161 173 181 192 201 211 221 230 241 249 261 268 281 287 301 306 321 325 341 344 
22 56
2 3 4 19 20 21 23 24 25 26 27 28 29 30 31 32 33 34 35 36 37 40 41 42 58 60 62 76 79 82 98 102 117 122 136 142 155 162 174 182 193 202 212 222 231 242 250 262 269 282 288 302 307 322 326 345 
23 56
3 4 5 19 20 21 22 24 25 26 27 28 29 30 31 32 33 34 35 36 37 41 42 43 59 61 63 77 80 83 95 99 103 118 123 137 143 156 163 175 183 194 203 213 223 232 243 251 263 270 283 289 303 308 327 346 
24 56
4 5 6 19 20 21 22 23 25 26 27 28 29 30 31 32 33 34 35 36 37 42 43 44 60 62 64 78 81 84 96 100 104 114 119 124 138 144 157 164 176 184 195 204 214 224 233 244 252 264 271 284 290 309 328 347 
25 56
5 6 7 19 20 21 22 23 24 26 27 28 29 30 31 32 33 34 35 36 37 43 44 45 61 63 65 79 82 85 97 101 105 115 120 125 133 139 145 158 165 177 185 196 205 215 225 234 245 253 265 272 291 310 329 348 
26 56
6 7 8 19 20 21 22 23 24 25 27 28 29 30 31 32 33 34 35 36 37 44 45 46 62 64 66 80 83 86 98 102 106 116 121 126 134 140 146 152 159 166 178 186 197 206 216 226 235 246 254 273 292 311 330 349 
27 56
7 8 9 19 20 21 22 23 24 25 26 28 29 30 31 32 33 34 35 36 37 45 46 47 63 65 67 81 84 87 99 103 107 117 122 127 135 141 147 153 160 167 171 179 187 198 207 217 227 236 255 274 293 312 331 350 
28 56
8 9 10 19 20 21 22 23 24 25 26 27 29 30 31 32 33 34 35 36 37 46 47 48 64 66 68 82 85 88 100 104 108 118 123 128 136 142 148 154 161 168 172 180 188 190 199 208 218 237 256 275 294 313 332 351 
29 56
9 10 11 19 20 21 22 23 24 25 26 27 28 30 31 32 33 34 35 36 37 47 48 49 65 67 69 83 86 89 101 105 109 119 124 129 137 143 149 155 162 169 173 181 189 191 200 209 219 238 257 276 295 314 333 352 
30 56
10 11 12 19 20 21 22 23 24 25 26 27 28 29 31 32 33 34 35 36 37 48 49 50 66 68 70 84 87 90 102 106 110 120 125 130 138 144 150 156 163 170 174 182 192 201 210 220 228 239 258 277 296 315 334 353 
31 56
11 12 13 19 20 21 22 23 24 25 26 27 28 29 30 32 33 34 35 36 37 49 50 51 67 69 71 85 88 91 103 107 111 121 126 131 139 145 151 157 164 175 183 193 202 211 221 229 240 247 259 278 297 316 335 354 
32 56
12 13 14 19 20 21 22 23 24 25 26 27 28 29 30 31 33 34 35 36 37 50 51 52 68 70 72 86 89 92 104 108 112 122 127 132 140 146 158 165 176 184 194 203 212 222 230 241 248 260 266 279 298 317 336 355 
33 56
13 14 15 19 20 21 22 23 24 25 26 27 28 29 30 31 32 34 35 36 37 51 52 53 69 71 73 87 90 93 105 109 113 123 128 141 147 159 166 177 185 195 204 213 223 231 242 249 261 267 280 285 299 318 337 356 
34 56
14 15 16 19 20 21 22 23 24 25 26 27 28 29 30 31 32 33 35 36 37 52 53 54 70 72 74 88 91 94 106 110 124 129 142 148 160 167 178 186 196 205 214 224 232 243 250 262 268 281 286 300 304 319 338 357 
35 56
15 16 17 19 20 21 22 23 24 25 26 27 28 29 30 31 32 33 34 36 37 53 54 55 71 73 75 89 92 107 111 125 130 143 149 161 168 179 187 197 206 215 225 233 244 251 263 269 282 287 301 305 320 323 339 358 
36 56
16 17 18 19 20 21 22 23 24 25 26 27 28 29 30 31 32 33 34 35 37 54 55 56 72 74 90 93 108 112 126 131 144 150 162 169 180 188 198 207 216 226 234 245 252 264 270 283 288 302 306 321 324 340 342 359 
37 54
17 18 19 20 21 22 23 24 25 26 27 28 29 30 31 32 33 34 35 36 55 56 73 75 91 94 109 113 127 132 145 151 163 170 181 189 199 208 217 227 235 246 253 265 271 284 289 303 307 322 325 341 343 360 
38 54
0 2 19 20 39 40 41 42 43 44 45 46 47 48 49 50 51 52 53 54 55 56 57 58 76 78 95 98 114 118 133 138 152 158 171 178 190 198 209 218 228 238 247 258 266 278 285 298 304 318 323 338 342 358 
39 56
1 3 19 20 21 38 40 41 42 43 44 45 46 47 48 49 50 51 52 53 54 55 56 57 58 59 77 79 96 99 115 119 134 139 153 159 172 179 191 199 210 219 229 239 248 259 267 279 286 299 305 319 324 339 343 359 
40 58
0 2 4 20 21 22 38 39 41 42 43 44 45 46 47 48 49 50 51 52 53 54 55 56 58 59 60 76 78 80 97 100 116 120 135 140 154 160 173 180 192 200 211 220 230 240 249 260 268 280 287 300 306 320 325 340 344 360 
41 58
1 3 5 21 22 23 38 39 40 42 43 44 45 46 47 48 49 50 51 52 53 54 55 56 59 60 61 77 79 81 95 98 101 117 121 136 141 155 161 174 181 193 201 212 221 231 241 250 261 269 281 288 301 307 321 326 341 345 
42 58
2 4 6 22 23 24 38 39 40 41 43 44 45 46 47 48 49 50 51 52 53 54 55 56 60 61 62 78 80 82 96 99 102 114 118 122 137 142 156 162 175 182 194 202 213 222 232 242 251 262 270 282 289 302 308 322 327 346 
43 58
3 5 7 23 24 25 38 39 40 41 42 44 45 46 47 48 49 50 51 52 53 54 55 56 61 62 63 79 81 83 97 100 103 115 119 123 133 138 143 157 163 176 183 195 203 214 223 233 243 252 263 271 283 290 303 309 328 347 
44 58
4 6 8 24 25 26 38 39 40 41 42 43 45 46 47 48 49 50 51 52 53 54 55 56 62 63 64 80 82 84 98 101 104 116 120 124 134 139 144 152 158 164 177 184 196 204 215 224 234 244 253 264 272 284 291 310 329 348 
45 58
5 7 9 25 26 27 38 39 40 41 42 43 44 46 47 48 49 50 51 52 53 54 55 56 63 64 65 81 83 85 99 102 105 117 121 125 135 140 145 153 159 165 171 178 185 197 205 216 225 235 245 254 265 273 292 311 330 349 
46 58
6 8 10 26 27 28 38 39 40 41 42 43 44 45 47 48 49 50 51 52 53 54 55 56 64 65 66 82 84 86 100 103 106 118 122 126 136 141 146 154 160 166 172 179 186 190 198 206 217 226 236 246 255 274 293 312 331 350 
47 58
7 9 11 27 28 29 38 39 40 41 42 43 44 45 46 48 49 50 51 52 53 54 55 56 65 66 67 83 85 87 101 104 107 119 123 127 137 142 147 155 161 167 173 180 187 191 199 207 209 218 227 237 256 275 294 313 332 351 
48 58
8 10 12 28 29 30 38 39 40 41 42 43 44 45 46 47 49 50 51 52 53 54 55 56 66 67 68 84 86 88 102 105 108 120 124 128 138 143 148 156 162 168 174 181 188 192 200 208 210 219 228 238 257 276 295 314 333 352 
49 58
9 11 13 29 30 31 38 39 40 41 42 43 44 45 46 47 48 50 51 52 53 54 55 56 67 68 69 85 87 89 103 106 109 121 125 129 139 144 149 157 163 169 175 182 189 193 201 211 220 229 239 247 258 277 296 315 334 353 
50 58
10 12 14 30 31 32 38 39 40 41 42 43 44 45 46 47 48 49 51 52 53 54 55 56 68 69 70 86 88 90 104 107 110 122 126 130 140 145 150 158 164 170 176 183 194 202 212 221 230 240 248 259 266 278 297 316 335 354 
51 58
11 13 15 31 32 33 38 39 40 41 42 43 44 45 46 47 48 49 50 52 53 54 55 56 69 70 71 87 89 91 105 108 111 123 127 131 141 146 151 159 165 177 184 195 203 213 222 231 241 249 260 267 279 285 298 317 336 355 
52 58
12 14 16 32 33 34 38 39 40 41 42 43 44 45 46 47 48 49 50 51 53 54 55 56 70 71 72 88 90 92 106 109 112 124 128 132 142 147 160 166 178 185 196 204 214 223 232 242 250 261 268 280 286 299 304 318 337 356 
53 58
13 15 17 33 34 35 38 39 40 41 42 43 44 45 46 47 48 49 50 51 52 54 55 56 71 72 73 89 91 93 107 110 113 125 129 143 148 161 167 179 186 197 205 215 224 233 243 251 262 269 281 287 300 305 319 323 338 357 
54 58
14 16 18 34 35 36 38 39 40 41 42 43 44 45 46 47 48 49 50 51 52 53 55 56 72 73 74 90 92 94 108 111 126 130 144 149 162 168 180 187 198 206 216 225 234 244 252 263 270 282 288 301 306 320 324 339 342 358 
55 56
15 17 35 36 37 38 39 40 41 42 43 44 45 46 47 48 49 50 51 52 53 54 56 73 74 75 91 93 109 112 127 131 145 150 163 169 181 188 199 207 217 226 235 245 253 264 271 283 289 302 307 321 325 340 343 359 
56 54
16 18 36 37 38 39 40 41 42 43 44 45 46 47 48 49 50 51 52 53 54 55 74 75 92 94 110 113 128 132 146 151 164 170 182 189 200 208 218 227 236 246 254 265 272 284 290 303 308 322 326 341 344 360 
57 54
0 3 19 21 38 39 58 59 60 61 62 63 64 65 66 67 68 69 70 71 72 73 74 75 76 77 95 97 114 117 133 137 152 157 171 177 190 197 209 217 228 237 247 257 266 277 285 297 304 317 323 337 342 357 
58 56
1 4 20 22 38 39 40 57 59 60 61 62 63 64 65 66 67 68 69 70 71 72 73 74 75 76 77 78 96 98 115 118 134 138 153 158 172 178 191 198 210 218 229 238 248 258 267 278 286 298 305 318 324 338 343 358 
59 58
2 5 19 21 23 39 40 41 57 58 60 61 62 63 64 65 66 67 68 69 70 71 72 73 74 75 77 78 79 95 97 99 116 119 135 139 154 159 173 179 192 199 211 219 230 239 249 259 268 279 287 299 306 319 325 339 344 359 
60 60
0 3 6 20 22 24 40 41 42 57 58 59 61 62 63 64 65 66 67 68 69 70 71 72 73 74 75 78 79 80 96 98 100 114 117 120 136 140 155 160 174 180 193 200 212 220 231 240 250 260 269 280 288 300 307 320 326 340 345 360 
61 60
1 4 7 21 23 25 41 42 43 57 58 59 60 62 63 64 65 66 67 68 69 70 71 72 73 74 75 79 80 81 97 99 101 115 118 121 133 137 141 156 161 175 181 194 201 213 221 232 241 251 261 270 281 289 301 308 321 327 341 346 
62 60
2 5 8 22 24 26 42 43 44 57 58 59 60 61 63 64 65 66 67 68 69 70 71 72 73 74 75 80 81 82 98 100 102 116 119 122 134 138 142 152 157 162 176 182 195 202 214 222 233 242 252 262 271 282 290 302 309 322 328 347 
63 60
3 6 9 23 25 27 43 44 45 57 58 59 60 61 62 64 65 66 67 68 69 70 71 72 73 74 75 81 82 83 99 101 103 117 120 123 135 139 143 153 158 163 171 177 183 196 203 215 223 234 243 253 263 272 283 291 303 310 329 348 
64 60
4 7 10 24 26 28 44 45 46 57 58 59 60 61 62 63 65 66 67 68 69 70 71 72 73 74 75 82 83 84 100 102 104 118 121 124 136 140 144 154 159 164 172 178 184 190 197 204 216 224 235 244 254 264 273 284 292 311 330 349 
65 60
5 8 11 25 27 29 45 46 47 57 58 59 60 61 62 63 64 66 67 68 69 70 71 72 73 74 75 83 84 85 101 103 105 119 122 125 137 141 145 155 160 165 173 179 185 191 198 205 209 217 225 236 245 255 265 274 293 312 331 350 
66 60
6 9 12 26 28 30 46 47 48 57 58 59 60 61 62 63 64 65 67 68 69 70 71 72 73 74 75 84 85 86 102 104 106 120 123 126 138 142 146 156 161 166 174 180 186 192 199 206 210 218 226 228 237 246 256 275 294 313 332 351 
67 60
7 10 13 27 29 31 47 48 49 57 58 59 60 61 62 63 64 65 66 68 69 70 71 72 73 74 75 85 86 87 103 105 107 121 124 127 139 143 147 157 162 167 175 181 187 193 200 207 211 219 227 229 238 247 257 276 295 314 333 352 
68 60
8 11 14 28 30 32 48 49 50 57 58 59 60 61 62 63 64 65 66 67 69 70 71 72 73 74 75 86 87 88 104 106 108 122 125 128 140 144 148 158 163 168 176 182 188 194 201 208 212 220 230 239 248 258 266 277 296 315 334 353 
69 60
9 12 15 29 31 33 49 50 51 57 58 59 60 61 62 63 64 65 66 67 68 70 71 72 73 74 75 87 88 89 105 107 109 123 126 129 141 145 149 159 164 169 177 183 189 195 202 213 221 231 240 249 259 267 278 285 297 316 335 354 
70 60
10 13 16 30 32 34 50 51 52 57 58 59 60 61 62 63 64 65 66 67 68 69 71 72 73 74 75 88 89 90 106 108 110 124 127 130 142 146 150 160 165 170 178 184 196 203 214 222 232 241 250 260 268 279 286 298 304 317 336 355 
71 60
11 14 17 31 33 35 51 52 53 57 58 59 60 61 62 63 64 65 66 67 68 69 70 72 73 74 75 89 90 91 107 109 111 125 128 131 143 147 151 161 166 179 185 197 204 215 223 233 242 251 261 269 280 287 299 305 318 323 337 356 
72 60
12 15 18 32 34 36 52 53 54 57 58 59 60 61 62 63 64 65 66 67 68 69 70 71 73 74 75 90 91 92 108 110 112 126 129 132 144 148 162 167 180 186 198 205 216 224 234 243 252 262 270 281 288 300 306 319 324 338 342 357 
73 58
13 16 33 35 37 53 54 55 57 58 59 60 61 62 63 64 65 66 67 68 69 70 71 72 74 75 91 92 93 109 111 113 127 130 145 149 163 168 181 187 199 206 217 225 235 244 253 263 271 282 289 301 307 320 325 339 343 358 
74 56
14 17 34 36 54 55 56 57 58 59 60 61 62 63 64 65 66 67 68 69 70 71 72 73 75 92 93 94 110 112 128 131 146 150 164 169 182 188 200 207 218 226 236 245 254 264 272 283 290 302 308 321 326 340 344 359 
75 54
15 18 35 37 55 56 57 58 59 60 61 62 63 64 65 66 67 68 69 70 71 72 73 74 93 94 111 113 129 132 147 151 165 170 183 189 201 208 219 227 237 246 255 265 273 284 291 303 309 322 327 341 345 360 
76 54
0 4 19 22 38 40 57 58 77 78 79 80 81 82 83 84 85 86 87 88 89 90 91 92 93 94 95 96 114 116 133 136 152 156 171 176 190 196 209 216 228 236 247 256 266 276 285 296 304 316 323 336 342 356 
77 56
1 5 20 23 39 41 57 58 59 76 78 79 80 81 82 83 84 85 86 87 88 89 90 91 92 93 94 95 96 97 115 117 134 137 153 157 172 177 191 197 210 217 229 237 248 257 267 277 286 297 305 317 324 337 343 357 
78 58
2 6 21 24 38 40 42 58 59 60 76 77 79 80 81 82 83 84 85 86 87 88 89 90 91 92 93 94 96 97 98 114 116 118 135 138 154 158 173 178 192 198 211 218 230 238 249 258 268 278 287 298 306 318 325 338 344 358 
79 60
3 7 19 22 25 39 41 43 59 60 61 76 77 78 80 81 82 83 84 85 86 87 88 89 90 91 92 93 94 97 98 99 115 117 119 133 136 139 155 159 174 179 193 199 212 219 231 239 250 259 269 279 288 299 307 319 326 339 345 359 
80 62
0 4 8 20 23 26 40 42 44 60 61 62 76 77 78 79 81 82 83 84 85 86 87 88 89 90 91 92 93 94 98 99 100 116 118 120 134 137 140 152 156 160 175 180 194 200 213 220 232 240 251 260 270 280 289 300 308 320 327 340 346 360 
81 62
1 5 9 21 24 27 41 43 45 61 62 63 76 77 78 79 80 82 83 84 85 86 87 88 89 90 91 92 93 94 99 100 101 117 119 121 135 138 141 153 157 161 171 176 181 195 201 214 221 233 241 252 261 271 281 290 301 309 321 328 341 347 
82 62
2 6 10 22 25 28 42 44 46 62 63 64 76 77 78 79 80 81 83 84 85 86 87 88 89 90 91 92 93 94 100 101 102 118 120 122 136 139 142 154 158 162 172 177 182 190 196 202 215 222 234 242 253 262 272 282 291 302 310 322 329 348 
83 62
3 7 11 23 26 29 43 45 47 63 64 65 76 77 78 79 80 81 82 84 85 86 87 88 89 90 91 92 93 94 101 102 103 119 121 123 137 140 143 155 159 163 173 178 183 191 197 203 209 216 223 235 243 254 263 273 283 292 303 311 330 349 
84 62
4 8 12 24 27 30 44 46 48 64 65 66 76 77 78 79 80 81 82 83 85 86 87 88 89 90 91 92 93 94 102 103 104 120 122 124 138 141 144 156 160 164 174 179 184 192 198 204 210 217 224 228 236 244 255 264 274 284 293 312 331 350 
85 62
5 9 13 25 28 31 45 47 49 65 66 67 76 77 78 79 80 81 82 83 84 86 87 88 89 90 91 92 93 94 103 104 105 121 123 125 139 142 145 157 161 165 175 180 185 193 199 205 211 218 225 229 237 245 247 256 265 275 294 313 332 351 
86 62
6 10 14 26 29 32 46 48 50 66 67 68 76 77 78 79 80 81 82 83 84 85 87 88 89 90 91 92 93 94 104 105 106 122 124 126 140 143 146 158 162 166 176 181 186 194 200 206 212 219 226 230 238 246 248 257 266 276 295 314 333 352 
87 62
7 11 15 27 30 33 47 49 51 67 68 69 76 77 78 79 80 81 82 83 84 85 86 88 89 90 91 92 93 94 105 106 107 123 125 127 141 144 147 159 163 167 177 182 187 195 201 207 213 220 227 231 239 249 258 267 277 285 296 315 334 353 
88 62
8 12 16 28 31 34 48 50 52 68 69 70 76 77 78 79 80 81 82 83 84 85 86 87 89 90 91 92 93 94 106 107 108 124 126 128 142 145 148 160 164 168 178 183 188 196 202 208 214 221 232 240 250 259 268 278 286 297 304 316 335 354 
89 62
9 13 17 29 32 35 49 51 53 69 70 71 76 77 78 79 80 81 82 83 84 85 86 87 88 90 91 92 93 94 107 108 109 125 127 129 143 146 149 161 165 169 179 184 189 197 203 215 222 233 241 251 260 269 279 287 298 305 317 323 336 355 
90 62
10 14 18 30 33 36 50 52 54 70 71 72 76 77 78 79 80 81 82 83 84 85 86 87 88 89 91 92 93 94 108 109 110 126 128 130 144 147 150 162 166 170 180 185 198 204 216 223 234 242 252 261 270 280 288 299 306 318 324 337 342 356 
91 60
11 15 31 34 37 51 53 55 71 72 73 76 77 78 79 80 81 82 83 84 85 86 87 88 89 90 92 93 94 109 110 111 127 129 131 145 148 151 163 167 181 186 199 205 217 224 235 243 253 262 271 281 289 300 307 319 325 338 343 357 
92 58
12 16 32 35 52 54 56 72 73 74 76 77 78 79 80 81 82 83 84 85 86 87 88 89 90 91 93 94 110 111 112 128 130 132 146 149 164 168 182 187 200 206 218 225 236 244 254 263 272 282 290 301 308 320 326 339 344 358 
93 56
13 17 33 36 53 55 73 74 75 76 77 78 79 80 81 82 83 84 85 86 87 88 89 90 91 92 94 111 112 113 129 131 147 150 165 169 183 188 201 207 219 226 237 245 255 264 273 283 291 302 309 321 327 340 345 359 
94 54
14 18 34 37 54 56 74 75 76 77 78 79 80 81 82 83 84 85 86 87 88 89 90 91 92 93 112 113 130 132 148 151 166 170 184 189 202 208 220 227 238 246 256 265 274 284 292 303 310 322 328 341 346 360 
95 54
0 5 19 23 38 41 57 59 76 77 96 97 98 99 100 101 102 103 104 105 106 107 108 109 110 111 112 113 114 115 133 135 152 155 171 175 190 195 209 215 228 235 247 255 266 275 285 295 304 315 323 335 342 355 
96 56
1 6 20 24 39 42 58 60 76 77 78 95 97 98 99 100 101 102 103 104 105 106 107 108 109 110 111 112 113 114 115 116 134 136 153 156 172 176 191 196 210 216 229 236 248 256 267 276 286 296 305 316 324 336 343 356 
97 58
2 7 21 25 40 43 57 59 61 77 78 79 95 96 98 99 100 101 102 103 104 105 106 107 108 109 110 111 112 113 115 116 117 133 135 137 154 157 173 177 192 197 211 217 230 237 249 257 268 277 287 297 306 317 325 337 344 357 
98 60
3 8 22 26 38 41 44 58 60 62 78 79 80 95 96 97 99 100 101 102 103 104 105 106 107 108 109 110 111 112 113 116 117 118 134 136 138 152 155 158 174 178 193 198 212 218 231 238 250 258 269 278 288 298 307 318 326 338 345 358 
99 62
4 9 19 23 27 39 42 45 59 61 63 79 80 81 95 96 97 98 100 101 102 103 104 105 106 107 108 109 110 111 112 113 117 118 119 135 137 139 153 156 159 171 175 179 194 199 213 219 232 239 251 259 270 279 289 299 308 319 327 339 346 359 
100 64
0 5 10 20 24 28 40 43 46 60 62 64 80 81 82 95 96 97 98 99 101 102 103 104 105 106 107 108 109 110 111 112 113 118 119 120 136 138 140 154 157 160 172 176 180 190 195 200 214 220 233 240 252 260 271 280 290 300 309 320 328 340 347 360 
101 64
1 6 11 21 25 29 41 44 47 61 63 65 81 82 83 95 96 97 98 99 100 102 103 104 105 106 107 108 109 110 111 112 113 119 120 121 137 139 141 155 158 161 173 177 181 191 196 201 209 215 221 234 241 253 261 272 281 291 301 310 321 329 341 348 
102 64
2 7 12 22 26 30 42 45 48 62 64 66 82 83 84 95 96 97 98 99 100 101 103 104 105 106 107 108 109 110 111 112 113 120 121 122 138 140 142 156 159 162 174 178 182 192 197 202 210 216 222 228 235 242 254 262 273 282 292 302 311 322 330 349 
103 64
3 8 13 23 27 31 43 46 49 63 65 67 83 84 85 95 96 97 98 99 100 101 102 104 105 106 107 108 109 110 111 112 113 121 122 123 139 141 143 157 160 163 175 179 183 193 198 203 211 217 223 229 236 243 247 255 263 274 283 293 303 312 331 350 
104 64
4 9 14 24 28 32 44 47 50 64 66 68 84 85 86 95 96 97 98 99 100 101 102 103 105 106 107 108 109 110 111 112 113 122 123 124 140 142 144 158 161 164 176 180 184 194 199 204 212 218 224 230 237 244 248 256 264 266 275 284 294 313 332 351 
105 64
5 10 15 25 29 33 45 48 51 65 67 69 85 86 87 95 96 97 98 99 100 101 102 103 104 106 107 108 109 110 111 112 113 123 124 125 141 143 145 159 162 165 177 181 185 195 200 205 213 219 225 231 238 245 249 257 265 267 276 285 295 314 333 352 
106 64
6 11 16 26 30 34 46 49 52 66 68 70 86 87 88 95 96 97 98 99 100 101 102 103 104 105 107 108 109 110 111 112 113 124 125 126 142 144 146 160 163 166 178 182 186 196 201 206 214 220 226 232 239 246 250 258 268 277 286 296 304 315 334 353 
107 64
7 12 17 27 31 35 47 50 53 67 69 71 87 88 89 95 96 97 98 99 100 101 102 103 104 105 106 108 109 110 111 112 113 125 126 127 143 145 147 161 164 167 179 183 187 197 202 207 215 221 227 233 240 251 259 269 278 287 297 305 316 323 335 354 
108 64
8 13 18 28 32 36 48 51 54 68 70 72 88 89 90 95 96 97 98 99 100 101 102 103 104 105 106 107 109 110 111 112 113 126 127 128 144 146 148 162 165 168 180 184 188 198 203 208 216 222 234 241 252 260 270 279 288 298 306 317 324 336 342 355 
109 62
9 14 29 33 37 49 52 55 69 71 73 89 90 91 95 96 97 98 99 100 101 102 103 104 105 106 107 108 110 111 112 113 127 128 129 145 147 149 163 166 169 181 185 189 199 204 217 223 235 242 253 261 271 280 289 299 307 318 325 337 343 356 
110 60
10 15 30 34 50 53 56 70 72 74 90 91 92 95 96 97 98 99 100 101 102 103 104 105 106 107 108 109 111 112 113 128 129 130 146 148 150 164 167 170 182 186 200 205 218 224 236 243 254 262 272 281 290 300 308 319 326 338 344 357 
111 58
11 16 31 35 51 54 71 73 75 91 92 93 95 96 97 98 99 100 101 102 103 104 105 106 107 108 109 110 112 113 129 130 131 147 149 151 165 168 183 187 201 206 219 225 237 244 255 263 273 282 291 301 309 320 327 339 345 358 
112 56
12 17 32 36 52 55 72 74 92 93 94 95 96 97 98 99 100 101 102 103 104 105 106 107 108 109 110 111 113 130 131 132 148 150 166 169 184 188 202 207 220 226 238 245 256 264 274 283 292 302 310 321 328 340 346 359 
113 54
13 18 33 37 53 56 73 75 93 94 95 96 97 98 99 100 101 102 103 104 105 106 107 108 109 110 111 112 131 132 149 151 167 170 185 189 203 208 221 227 239 246 257 265 275 284 293 303 311 322 329 341 347 360 
114 54
0 6 19 24 38 42 57 60 76 78 95 96 115 116 117 118 119 120 121 122 123 124 125 126 127 128 129 130 131 132 133 134 152 154 171 174 190 194 209 214 228 234 247 254 266 274 285 294 304 314 323 334 342 354 
115 56
1 7 20 25 39 43 58 61 77 79 95 96 97 114 116 117 118 119 120 121 122 123 124 125 126 127 128 129 130 131 132 133 134 135 153 155 172 175 191 195 210 215 229 235 248 255 267 275 286 295 305 315 324 335 343 355 
116 58
2 8 21 26 40 44 59 62 76 78 80 96 97 98 114 115 117 118 119 120 121 122 123 124 125 126 127 128 129 130 131 132 134 135 136 152 154 156 173 176 192 196 211 216 230 236 249 256 268 276 287 296 306 316 325 336 344 356 
117 60
3 9 22 27 41 45 57 60 63 77 79 81 97 98 99 114 115 116 118 119 120 121 122 123 124 125 126 127 128 129 130 131 132 135 136 137 153 155 157 171 174 177 193 197 212 217 231 237 250 257 269 277 288 297 307 317 326 337 345 357 
118 62
4 10 23 28 38 42 46 58 61 64 78 80 82 98 99 100 114 115 116 117 119 120 121 122 123 124 125 126 127 128 129 130 131 132 136 137 138 154 156 158 172 175 178 190 194 198 213 218 232 238 251 258 270 278 289 298 308 318 327 338 346 358 
119 64
5 11 19 24 29 39 43 47 59 62 65 79 81 83 99 100 101 114 115 116 117 118 120 121 122 123 124 125 126 127 128 129 130 131 132 137 138 139 155 157 159 173 176 179 191 195 199 209 214 219 233 239 252 259 271 279 290 299 309 319 328 339 347 359 
120 66
0 6 12 20 25 30 40 44 48 60 63 66 80 82 84 100 101 102 114 115 116 117 118 119 121 122 123 124 125 126 127 128 129 130 131 132 138 139 140 156 158 160 174 177 180 192 196 200 210 215 220 228 234 240 253 260 272 280 291 300 310 320 329 340 348 360 
121 66
1 7 13 21 26 31 41 45 49 61 64 67 81 83 85 101 102 103 114 115 116 117 118 119 120 122 123 124 125 126 127 128 129 130 131 132 139 140 141 157 159 161 175 178 181 193 197 201 211 216 221 229 235 241 247 254 261 273 281 292 301 311 321 330 341 349 
122 66
2 8 14 22 27 32 42 46 50 62 65 68 82 84 86 102 103 104 114 115 116 117 118 119 120 121 123 124 125 126 127 128 129 130 131 132 140 141 142 158 160 162 176 179 182 194 198 202 212 217 222 230 236 242 248 255 262 266 274 282 293 302 312 322 331 350 
123 66
3 9 15 23 28 33 43 47 51 63 66 69 83 85 87 103 104 105 114 115 116 117 118 119 120 121 122 124 125 126 127 128 129 130 131 132 141 142 143 159 161 163 177 180 183 195 199 203 213 218 223 231 237 243 249 256 263 267 275 283 285 294 303 313 332 351 
124 66
4 10 16 24 29 34 44 48 52 64 67 70 84 86 88 104 105 106 114 115 116 117 118 119 120 121 122 123 125 126 127 128 129 130 131 132 142 143 144 160 162 164 178 181 184 196 200 204 214 219 224 232 238 244 250 257 264 268 276 284 286 295 304 314 333 352 
125 66
5 11 17 25 30 35 45 49 53 65 68 71 85 87 89 105 106 107 114 115 116 117 118 119 120 121 122 123 124 126 127 128 129 130 131 132 143 144 145 161 163 165 179 182 185 197 201 205 215 220 225 233 239 245 251 258 265 269 277 287 296 305 315 323 334 353 
126 66
6 12 18 26 31 36 46 50 54 66 69 72 86 88 90 106 107 108 114 115 116 117 118 119 120 121 122 123 124 125 127 128 129 130 131 132 144 145 146 162 164 166 180 183 186 198 202 206 216 221 226 234 240 246 252 259 270 278 288 297 306 316 324 335 342 354 
127 64
7 13 27 32 37 47 51 55 67 70 73 87 89 91 107 108 109 114 115 116 117 118 119 120 121 122 123 124 125 126 128 129 130 131 132 145 146 147 163 165 167 181 184 187 199 203 207 217 222 227 235 241 253 260 271 279 289 298 307 317 325 336 343 355 
128 62
8 14 28 33 48 52 56 68 71 74 88 90 92 108 109 110 114 115 116 117 118 119 120 121 122 123 124 125 126 127 129 130 131 132 146 147 148 164 166 168 182 185 188 200 204 208 218 223 236 242 254 261 272 280 290 299 308 318 326 337 344 356 
129 60
9 15 29 34 49 53 69 72 75 89 91 93 109 110 111 114 115 116 117 118 119 120 121 122 123 124 125 126 127 128 130 131 132 147 148 149 165 167 169 183 186 189 201 205 219 224 237 243 255 262 273 281 291 300 309 319 327 338 345 357 
130 58
10 16 30 35 50 54 70 73 90 92 94 110 111 112 114 115 116 117 118 119 120 121 122 123 124 125 126 127 128 129 131 132 148 149 150 166 168 170 184 187 202 206 220 225 238 244 256 263 274 282 292 301 310 320 328 339 346 358 
131 56
11 17 31 36 51 55 71 74 91 93 111 112 113 114 115 116 117 118 119 120 121 122 123 124 125 126 127 128 129 130 132 149 150 151 167 169 185 188 203 207 221 226 239 245 257 264 275 283 293 302 311 321 329 340 347 359 
132 54
12 18 32 37 52 56 72 75 92 94 112 113 114 115 116 117 118 119 120 121 122 123 124 125 126 127 128 129 130 131 150 151 168 170 186 189 204 208 222 227 240 246 258 265 276 284 294 303 312 322 330 341 348 360 
133 54
0 7 19 25 38 43 57 61 76 79 95 97 114 115 134 135 136 137 138 139 140 141 142 143 144 145 146 147 148 149 150 151 152 153 171 173 190 193 209 213 228 233 247 253 266 273 285 293 304 313 323 333 342 353 
134 56
1 8 20 26 39 44 58 62 77 80 96 98 114 115 116 133 135 136 137 138 139 140 141 142 143 144 145 146 147 148 149 150 151 152 153 154 172 174 191 194 210 214 229 234 248 254 267 274 286 294 305 314 324 334 343 354 
135 58
2 9 21 27 40 45 59 63 78 81 95 97 99 115 116 117 133 134 136 137 138 139 140 141 142 143 144 145 146 147 148 149 150 151 153 154 155 171 173 175 192 195 211 215 230 235 249 255 268 275 287 295 306 315 325 335 344 355 
136 60
3 10 22 28 41 46 60 64 76 79 82 96 98 100 116 117 118 133 134 135 137 138 139 140 141 142 143 144 145 146 147 148 149 150 151 154 155 156 172 174 176 190 193 196 212 216 231 236 250 256 269 276 288 296 307 316 326 336 345 356 
137 62
4 11 23 29 42 47 57 61 65 77 80 83 97 99 101 117 118 119 133 134 135 136 138 139 140 141 142 143 144 145 146 147 148 149 150 151 155 156 157 173 175 177 191 194 197 209 213 217 232 237 251 257 270 277 289 297 308 317 327 337 346 357 
138 64
5 12 24 30 38 43 48 58 62 66 78 81 84 98 100 102 118 119 120 133 134 135 136 137 139 140 141 142 143 144 145 146 147 148 149 150 151 156 157 158 174 176 178 192 195 198 210 214 218 228 233 238 252 258 271 278 290 298 309 318 328 338 347 358 
139 66
6 13 19 25 31 39 44 49 59 63 67 79 82 85 99 101 103 119 120 121 133 134 135 136 137 138 140 141 142 143 144 145 146 147 148 149 150 151 157 158 159 175 177 179 193 196 199 211 215 219 229 234 239 247 253 259 272 279 291 299 310 319 329 339 348 359 
140 68
0 7 14 20 26 32 40 45 50 60 64 68 80 83 86 100 102 104 120 121 122 133 134 135 136 137 138 139 141 142 143 144 145 146 147 148 149 150 151 158 159 160 176 178 180 194 197 200 212 216 220 230 235 240 248 254 260 266 273 280 292 300 311 320 330 340 349 360 
141 68
1 8 15 21 27 33 41 46 51 61 65 69 81 84 87 101 103 105 121 122 123 133 134 135 136 137 138 139 140 142 143 144 145 146 147 148 149 150 151 159 160 161 177 179 181 195 198 201 213 217 221 231 236 241 249 255 261 267 274 281 285 293 301 312 321 331 341 350 
142 68
2 9 16 22 28 34 42 47 52 62 66 70 82 85 88 102 104 106 122 123 124 133 134 135 136 137 138 139 140 141 143 144 145 146 147 148 149 150 151 160 161 162 178 180 182 196 199 202 214 218 222 232 237 242 250 256 262 268 275 282 286 294 302 304 313 322 332 351 
143 68
3 10 17 23 29 35 43 48 53 63 67 71 83 86 89 103 105 107 123 124 125 133 134 135 136 137 138 139 140 141 142 144 145 146 147 148 149 150 151 161 162 163 179 181 183 197 200 203 215 219 223 233 238 243 251 257 263 269 276 283 287 295 303 305 314 323 333 352 
144 68
4 11 18 24 30 36 44 49 54 64 68 72 84 87 90 104 106 108 124 125 126 133 134 135 136 137 138 139 140 141 142 143 145 146 147 148 149 150 151 162 163 164 180 182 184 198 201 204 216 220 224 234 239 244 252 258 264 270 277 284 288 296 306 315 324 334 342 353 
145 66
5 12 25 31 37 45 50 55 65 69 73 85 88 91 105 107 109 125 126 127 133 134 135 136 137 138 139 140 141 142 143 144 146 147 148 149 150 151 163 164 165 181 183 185 199 202 205 217 221 225 235 240 245 253 259 265 271 278 289 297 307 316 325 335 343 354 
146 64
6 13 26 32 46 51 56 66 70 74 86 89 92 106 108 110 126 127 128 133 134 135 136 137 138 139 140 141 142 143 144 145 147 148 149 150 151 164 165 166 182 184 186 200 203 206 218 222 226 236 241 246 254 260 272 279 290 298 308 317 326 336 344 355 
147 62
7 14 27 33 47 52 67 71 75 87 90 93 107 109 111 127 128 129 133 134 135 136 137 138 139 140 141 142 143 144 145 146 148 149 150 151 165 166 167 183 185 187 201 204 207 219 223 227 237 242 255 261 273 280 291 299 309 318 327 337 345 356 
148 60
8 15 28 34 48 53 68 72 88 91 94 108 110 112 128 129 130 133 134 135 136 137 138 139 140 141 142 143 144 145 146 147 149 150 151 166 167 168 184 186 188 202 205 208 220 224 238 243 256 262 274 281 292 300 310 319 328 338 346 357 
149 58
9 16 29 35 49 54 69 73 89 92 109 111 113 129 130 131 133 134 135 136 137 138 139 140 141 142 143 144 145 146 147 148 150 151 167 168 169 185 187 189 203 206 221 225 239 244 257 263 275 282 293 301 311 320 329 339 347 358 
150 56
10 17 30 36 50 55 70 74 90 93 110 112 130 131 132 133 134 135 136 137 138 139 140 141 142 143 144 145 146 147 148 149 151 168 169 170 186 188 204 207 222 226 240 245 258 264 276 283 294 302 312 321 330 340 348 359 
151 54
11 18 31 37 51 56 71 75 91 94 111 113 131 132 133 134 135 136 137 138 139 140 141 142 143 144 145 146 147 148 149 150 169 170 187 189 205 208 223 227 241 246 259 265 277 284 295 303 313 322 331 341 349 360 
152 54
0 8 19 26 38 44 57 62 76 80 95 98 114 116 133 134 153 154 155 156 157 158 159 160 161 162 163 164 165 166 167 168 169 170 171 172 190 192 209 212 228 232 247 252 266 272 285 292 304 312 323 332 342 352 
153 56
1 9 20 27 39 45 58 63 77 81 96 99 115 117 133 134 135 152 154 155 156 157 158 159 160 161 162 163 164 165 166 167 168 169 170 171 172 173 191 193 210 213 229 233 248 253 267 273 286 293 305 313 324 333 343 353 
154 58
2 10 21 28 40 46 59 64 78 82 97 100 114 116 118 134 135 136 152 153 155 156 157 158 159 160 161 162 163 164 165 166 167 168 169 170 172 173 174 190 192 194 211 214 230 234 249 254 268 274 287 294 306 314 325 334 344 354 
155 60
3 11 22 29 41 47 60 65 79 83 95 98 101 115 117 119 135 136 137 152 153 154 156 157 158 159 160 161 162 163 164 165 166 167 168 169 170 173 174 175 191 193 195 209 212 215 231 235 250 255 269 275 288 295 307 315 326 335 345 355 
156 62
4 12 23 30 42 48 61 66 76 80 84 96 99 102 116 118 120 136 137 138 152 153 154 155 157 158 159 160 161 162 163 164 165 166 167 168 169 170 174 175 176 192 194 196 210 213 216 228 232 236 251 256 270 276 289 296 308 316 327 336 346 356 
157 64
5 13 24 31 43 49 57 62 67 77 81 85 97 100 103 117 119 121 137 138 139 152 153 154 155 156 158 159 160 161 162 163 164 165 166 167 168 169 170 175 176 177 193 195 197 211 214 217 229 233 237 247 252 257 271 277 290 297 309 317 328 337 347 357 
158 66
6 14 25 32 38 44 50 58 63 68 78 82 86 98 101 104 118 120 122 138 139 140 152 153 154 155 156 157 159 160 161 162 163 164 165 166 167 168 169 170 176 177 178 194 196 198 212 215 218 230 234 238 248 253 258 266 272 278 291 298 310 318 329 338 348 358 
159 68
7 15 19 26 33 39 45 51 59 64 69 79 83 87 99 102 105 119 121 123 139 140 141 152 153 154 155 156 157 158 160 161 162 163 164 165 166 167 168 169 170 177 178 179 195 197 199 213 216 219 231 235 239 249 254 259 267 273 279 285 292 299 311 319 330 339 349 359 
160 70
0 8 16 20 27 34 40 46 52 60 65 70 80 84 88 100 103 106 120 122 124 140 141 142 152 153 154 155 156 157 158 159 161 162 163 164 165 166 167 168 169 170 178 179 180 196 198 200 214 217 220 232 236 240 250 255 260 268 274 280 286 293 300 304 312 320 331 340 350 360 
161 70
1 9 17 21 28 35 41 47 53 61 66 71 81 85 89 101 104 107 121 123 125 141 142 143 152 153 154 155 156 157 158 159 160 162 163 164 165 166 167 168 169 170 179 180 181 197 199 201 215 218 221 233 237 241 251 256 261 269 275 281 287 294 301 305 313 321 323 332 341 351 
162 70
2 10 18 22 29 36 42 48 54 62 67 72 82 86 90 102 105 108 122 124 126 142 143 144 152 153 154 155 156 157 158 159 160 161 163 164 165 166 167 168 169 170 180 181 182 198 200 202 216 219 222 234 238 242 252 257 262 270 276 282 288 295 302 306 314 322 324 333 342 352 
163 68
3 11 23 30 37 43 49 55 63 68 73 83 87 91 103 106 109 123 125 127 143 144 145 152 153 154 155 156 157 158 159 160 161 162 164 165 166 167 168 169 170 181 182 183 199 201 203 217 220 223 235 239 243 253 258 263 271 277 283 289 296 303 307 315 325 334 343 353 
164 66
4 12 24 31 44 50 56 64 69 74 84 88 92 104 107 110 124 126 128 144 145 146 152 153 154 155 156 157 158 159 160 161 162 163 165 166 167 168 169 170 182 183 184 200 202 204 218 221 224 236 240 244 254 259 264 272 278 284 290 297 308 316 326 335 344 354 
165 64
5 13 25 32 45 51 65 70 75 85 89 93 105 108 111 125 127 129 145 146 147 152 153 154 155 156 157 158 159 160 161 162 163 164 166 167 168 169 170 183 184 185 201 203 205 219 222 225 237 241 245 255 260 265 273 279 291 298 309 317 327 336 345 355 
166 62
6 14 26 33 46 52 66 71 86 90 94 106 109 112 126 128 130 146 147 148 152 153 154 155 156 157 158 159 160 161 162 163 164 165 167 168 169 170 184 185 186 202 204 206 220 223 226 238 242 246 256 261 274 280 292 299 310 318 328 337 346 356 
167 60
7 15 27 34 47 53 67 72 87 91 107 110 113 127 129 131 147 148 149 152 153 154 155 156 157 158 159 160 161 162 163 164 165 166 168 169 170 185 186 187 203 205 207 221 224 227 239 243 257 262 275 281 293 300 311 319 329 338 347 357 
168 58
8 16 28 35 48 54 68 73 88 92 108 111 128 130 132 148 149 150 152 153 154 155 156 157 158 159 160 161 162 163 164 165 166 167 169 170 186 187 188 204 206 208 222 225 240 244 258 263 276 282 294 301 312 320 330 339 348 358 
169 56
9 17 29 36 49 55 69 74 89 93 109 112 129 131 149 150 151 152 153 154 155 156 157 158 159 160 161 162 163 164 165 166 167 168 170 187 188 189 205 207 223 226 241 245 259 264 277 283 295 302 313 321 331 340 349 359 
170 54
10 18 30 37 50 56 70 75 90 94 110 113 130 132 150 151 152 153 154 155 156 157 158 159 160 161 162 163 164 165 166 167 168 169 188 189 206 208 224 227 242 246 260 265 278 284 296 303 314 322 332 341 350 360 
171 54
0 9 19 27 38 45 57 63 76 81 95 99 114 117 133 135 152 153 172 173 174 175 176 177 178 179 180 181 182 183 184 185 186 187 188 189 190 191 209 211 228 231 247 251 266 271 285 291 304 311 323 331 342 351 
172 56
1 10 20 28 39 46 58 64 77 82 96 100 115 118 134 136 152 153 154 171 173 174 175 176 177 178 179 180 181 182 183 184 185 186 187 188 189 190 191 192 210 212 229 232 248 252 267 272 286 292 305 312 324 332 343 352 
173 58
2 11 21 29 40 47 59 65 78 83 97 101 116 119 133 135 137 153 154 155 171 172 174 175 176 177 178 179 180 181 182 183 184 185 186 187 188 189 191 192 193 209 211 213 230 233 249 253 268 273 287 293 306 313 325 333 344 353 
174 60
3 12 22 30 41 48 60 66 79 84 98 102 114 117 120 134 136 138 154 155 156 171 172 173 175 176 177 178 179 180 181 182 183 184 185 186 187 188 189 192 193 194 210 212 214 228 231 234 250 254 269 274 288 294 307 314 326 334 345 354 
175 62
4 13 23 31 42 49 61 67 80 85 95 99 103 115 118 121 135 137 139 155 156 157 171 172 173 174 176 177 178 179 180 181 182 183 184 185 186 187 188 189 193 194 195 211 213 215 229 232 235 247 251 255 270 275 289 295 308 315 327 335 346 355 
176 64
5 14 24 32 43 50 62 68 76 81 86 96 100 104 116 119 122 136 138 140 156 157 158 171 172 173 174 175 177 178 179 180 181 182 183 184 185 186 187 188 189 194 195 196 212 214 216 230 233 236 248 252 256 266 271 276 290 296 309 316 328 336 347 356 
177 66
6 15 25 33 44 51 57 63 69 77 82 87 97 101 105 117 120 123 137 139 141 157 158 159 171 172 173 174 175 176 178 179 180 181 182 183 184 185 186 187 188 189 195 196 197 213 215 217 231 234 237 249 253 257 267 272 277 285 291 297 310 317 329 337 348 357 
178 68
7 16 26 34 38 45 52 58 64 70 78 83 88 98 102 106 118 121 124 138 140 142 158 159 160 171 172 173 174 175 176 177 179 180 181 182 183 184 185 186 187 188 189 196 197 198 214 216 218 232 235 238 250 254 258 268 273 278 286 292 298 304 311 318 330 338 349 358 
179 70
8 17 19 27 35 39 46 53 59 65 71 79 84 89 99 103 107 119 122 125 139 141 143 159 160 161 171 172 173 174 175 176 177 178 180 181 182 183 184 185 186 187 188 189 197 198 199 215 217 219 233 236 239 251 255 259 269 274 279 287 293 299 305 312 319 323 331 339 350 359 
180 72
0 9 18 20 28 36 40 47 54 60 66 72 80 85 90 100 104 108 120 123 126 140 142 144 160 161 162 171 172 173 174 175 176 177 178 179 181 182 183 184 185 186 187 188 189 198 199 200 216 218 220 234 237 240 252 256 260 270 275 280 288 294 300 306 313 320 324 332 340 342 351 360 
181 70
1 10 21 29 37 41 48 55 61 67 73 81 86 91 101 105 109 121 124 127 141 143 145 161 162 163 171 172 173 174 175 176 177 178 179 180 182 183 184 185 186 187 188 189 199 200 201 217 219 221 235 238 241 253 257 261 271 276 281 289 295 301 307 314 321 325 333 341 343 352 
182 68
2 11 22 30 42 49 56 62 68 74 82 87 92 102 106 110 122 125 128 142 144 146 162 163 164 171 172 173 174 175 176 177 178 179 180 181 183 184 185 186 187 188 189 200 201 202 218 220 222 236 239 242 254 258 262 272 277 282 290 296 302 308 315 322 326 334 344 353 
183 66
3 12 23 31 43 50 63 69 75 83 88 93 103 107 111 123 126 129 143 145 147 163 164 165 171 172 173 174 175 176 177 178 179 180 181 182 184 185 186 187 188 189 201 202 203 219 221 223 237 240 243 255 259 263 273 278 283 291 297 303 309 316 327 335 345 354 
184 64
4 13 24 32 44 51 64 70 84 89 94 104 108 112 124 127 130 144 146 148 164 165 166 171 172 173 174 175 176 177 178 179 180 181 182 183 185 186 187 188 189 202 203 204 220 222 224 238 241 244 256 260 264 274 279 284 292 298 310 317 328 336 346 355 
185 62
5 14 25 33 45 52 65 71 85 90 105 109 113 125 128 131 145 147 149 165 166 167 171 172 173 174 175 176 177 178 179 180 181 182 183 184 186 187 188 189 203 204 205 221 223 225 239 242 245 257 261 265 275 280 293 299 311 318 329 337 347 356 
186 60
6 15 26 34 46 53 66 72 86 91 106 110 126 129 132 146 148 150 166 167 168 171 172 173 174 175 176 177 178 179 180 181 182 183 184 185 187 188 189 204 205 206 222 224 226 240 243 246 258 262 276 281 294 300 312 319 330 338 348 357 
187 58
7 16 27 35 47 54 67 73 87 92 107 111 127 130 147 149 151 167 168 169 171 172 173 174 175 176 177 178 179 180 181 182 183 184 185 186 188 189 205 206 207 223 225 227 241 244 259 263 277 282 295 301 313 320 331 339 349 358 
188 56
8 17 28 36 48 55 68 74 88 93 108 112 128 131 148 150 168 169 170 171 172 173 174 175 176 177 178 179 180 181 182 183 184 185 186 187 189 206 207 208 224 226 242 245 260 264 278 283 296 302 314 321 332 340 350 359 
189 54
9 18 29 37 49 56 69 75 89 94 109 113 129 132 149 151 169 170 171 172 173 174 175 176 177 178 179 180 181 182 183 184 185 186 187 188 207 208 225 227 243 246 261 265 279 284 297 303 315 322 333 341 351 360 
190 54
0 10 19 28 38 46 57 64 76 82 95 100 114 118 133 136 152 154 171 172 191 192 193 194 195 196 197 198 199 200 201 202 203 204 205 206 207 208 209 210 228 230 247 250 266 270 285 290 304 310 323 330 342 350 
191 56
1 11 20 29 39 47 58 65 77 83 96 101 115 119 134 137 153 155 171 172 173 190 192 193 194 195 196 197 198 199 200 201 202 203 204 205 206 207 208 209 210 211 229 231 248 251 267 271 286 291 305 311 324 331 343 351 
192 58
2 12 21 30 40 48 59 66 78 84 97 102 116 120 135 138 152 154 156 172 173 174 190 191 193 194 195 196 197 198 199 200 201 202 203 204 205 206 207 208 210 211 212 228 230 232 249 252 268 272 287 292 306 312 325 332 344 352 
193 60
3 13 22 31 41 49 60 67 79 85 98 103 117 121 133 136 139 153 155 157 173 174 175 190 191 192 194 195 196 197 198 199 200 201 202 203 204 205 206 207 208 211 212 213 229 231 233 247 250 253 269 273 288 293 307 313 326 333 345 353 
194 62
4 14 23 32 42 50 61 68 80 86 99 104 114 118 122 134 137 140 154 156 158 174 175 176 190 191 192 193 195 196 197 198 199 200 201 202 203 204 205 206 207 208 212 213 214 230 232 234 248 251 254 266 270 274 289 294 308 314 327 334 346 354 
195 64
5 15 24 33 43 51 62 69 81 87 95 100 105 115 119 123 135 138 141 155 157 159 175 176 177 190 191 192 193 194 196 197 198 199 200 201 202 203 204 205 206 207 208 213 214 215 231 233 235 249 252 255 267 271 275 285 290 295 309 315 328 335 347 355 
196 66
6 16 25 34 44 52 63 70 76 82 88 96 101 106 116 120 124 136 139 142 156 158 160 176 177 178 190 191 192 193 194 195 197 198 199 200 201 202 203 204 205 206 207 208 214 215 216 232 234 236 250 253 256 268 272 276 286 291 296 304 310 316 329 336 348 356 
197 68
7 17 26 35 45 53 57 64 71 77 83 89 97 102 107 117 121 125 137 140 143 157 159 161 177 178 179 190 191 192 193 194 195 196 198 199 200 201 202 203 204 205 206 207 208 215 216 217 233 235 237 251 254 257 269 273 277 287 292 297 305 311 317 323 330 337 349 357 
198 70
8 18 27 36 38 46 54 58 65 72 78 84 90 98 103 108 118 122 126 138 141 144 158 160 162 178 179 180 190 191 192 193 194 195 196 197 199 200 201 202 203 204 205 206 207 208 216 217 218 234 236 238 252 255 258 270 274 278 288 293 298 306 312 318 324 331 338 342 350 358 
199 70
9 19 28 37 39 47 55 59 66 73 79 85 91 99 104 109 119 123 127 139 142 145 159 161 163 179 180 181 190 191 192 193 194 195 196 197 198 200 201 202 203 204 205 206 207 208 217 218 219 235 237 239 253 256 259 271 275 279 289 294 299 307 313 319 325 332 339 343 351 359 
200 70
0 10 20 29 40 48 56 60 67 74 80 86 92 100 105 110 120 124 128 140 143 146 160 162 164 180 181 182 190 191 192 193 194 195 196 197 198 199 201 202 203 204 205 206 207 208 218 219 220 236 238 240 254 257 260 272 276 280 290 295 300 308 314 320 326 333 340 344 352 360 
201 68
1 11 21 30 41 49 61 68 75 81 87 93 101 106 111 121 125 129 141 144 147 161 163 165 181 182 183 190 191 192 193 194 195 196 197 198 199 200 202 203 204 205 206 207 208 219 220 221 237 239 241 255 258 261 273 277 281 291 296 301 309 315 321 327 334 341 345 353 
202 66
2 12 22 31 42 50 62 69 82 88 94 102 107 112 122 126 130 142 145 148 162 164 166 182 183 184 190 191 192 193 194 195 196 197 198 199 200 201 203 204 205 206 207 208 220 221 222 238 240 242 256 259 262 274 278 282 292 297 302 310 316 322 328 335 346 354 
203 64
3 13 23 32 43 51 63 70 83 89 103 108 113 123 127 131 143 146 149 163 165 167 183 184 185 190 191 192 193 194 195 196 197 198 199 200 201 202 204 205 206 207 208 221 222 223 239 241 243 257 260 263 275 279 283 293 298 303 311 317 329 336 347 355 
204 62
4 14 24 33 44 52 64 71 84 90 104 109 124 128 132 144 147 150 164 166 168 184 185 186 190 191 192 193 194 195 196 197 198 199 200 201 202 203 205 206 207 208 222 223 224 240 242 244 258 261 264 276 280 284 294 299 312 318 330 337 348 356 
205 60
5 15 25 34 45 53 65 72 85 91 105 110 125 129 145 148 151 165 167 169 185 186 187 190 191 192 193 194 195 196 197 198 199 200 201 202 203 204 206 207 208 223 224 225 241 243 245 259 262 265 277 281 295 300 313 319 331 338 349 357 
206 58
6 16 26 35 46 54 66 73 86 92 106 111 126 130 146 149 166 168 170 186 187 188 190 191 192 193 194 195 196 197 198 199 200 201 202 203 204 205 207 208 224 225 226 242 244 246 260 263 278 282 296 301 314 320 332 339 350 358 
207 56
7 17 27 36 47 55 67 74 87 93 107 112 127 131 147 150 167 169 187 188 189 190 191 192 193 194 195 196 197 198 199 200 201 202 203 204 205 206 208 225 226 227 243 245 261 264 279 283 297 302 315 321 333 340 351 359 
208 54
8 18 28 37 48 56 68 75 88 94 108 113 128 132 148 151 168 170 188 189 190 191 192 193 194 195 196 197 198 199 200 201 202 203 204 205 206 207 226 227 244 246 262 265 280 284 298 303 316 322 334 341 352 360 
209 54
0 11 19 29 38 47 57 65 76 83 95 101 114 119 133 137 152 155 171 173 190 191 210 211 212 213 214 215 216 217 218 219 220 221 222 223 224 225 226 227 228 229 247 249 266 269 285 289 304 309 323 329 342 349 
210 56
1 12 20 30 39 48 58 66 77 84 96 102 115 120 134 138 153 156 172 174 190 191 192 209 211 212 213 214 215 216 217 218 219 220 221 222 223 224 225 226 227 228 229 230 248 250 267 270 286 290 305 310 324 330 343 350 
211 58
2 13 21 31 40 49 59 67 78 85 97 103 116 121 135 139 154 157 171 173 175 191 192 193 209 210 212 213 214 215 216 217 218 219 220 221 222 223 224 225 226 227 229 230 231 247 249 251 268 271 287 291 306 311 325 331 344 351 
212 60
3 14 22 32 41 50 60 68 79 86 98 104 117 122 136 140 152 155 158 172 174 176 192 193 194 209 210 211 213 214 215 216 217 218 219 220 221 222 223 224 225 226 227 230 231 232 248 250 252 266 269 272 288 292 307 312 326 332 345 352 
213 62
4 15 23 33 42 51 61 69 80 87 99 105 118 123 133 137 141 153 156 159 173 175 177 193 194 195 209 210 211 212 214 215 216 217 218 219 220 221 222 223 224 225 226 227 231 232 233 249 251 253 267 270 273 285 289 293 308 313 327 333 346 353 
214 64
5 16 24 34 43 52 62 70 81 88 100 106 114 119 124 134 138 142 154 157 160 174 176 178 194 195 196 209 210 211 212 213 215 216 217 218 219 220 221 222 223 224 225 226 227 232 233 234 250 252 254 268 271 274 286 290 294 304 309 314 328 334 347 354 
215 66
6 17 25 35 44 53 63 71 82 89 95 101 107 115 120 125 135 139 143 155 158 161 175 177 179 195 196 197 209 210 211 212 213 214 216 217 218 219 220 221 222 223 224 225 226 227 233 234 235 251 253 255 269 272 275 287 291 295 305 310 315 323 329 335 348 355 
216 68
7 18 26 36 45 54 64 72 76 83 90 96 102 108 116 121 126 136 140 144 156 159 162 176 178 180 196 197 198 209 210 211 212 213 214 215 217 218 219 220 221 222 223 224 225 226 227 234 235 236 252 254 256 270 273 276 288 292 296 306 311 316 324 330 336 342 349 356 
217 68
8 27 37 46 55 57 65 73 77 84 91 97 103 109 117 122 127 137 141 145 157 160 163 177 179 181 197 198 199 209 210 211 212 213 214 215 216 218 219 220 221 222 223 224 225 226 227 235 236 237 253 255 257 271 274 277 289 293 297 307 312 317 325 331 337 343 350 357 
218 68
9 28 38 47 56 58 66 74 78 85 92 98 104 110 118 123 128 138 142 146 158 161 164 178 180 182 198 199 200 209 210 211 212 213 214 215 216 217 219 220 221 222 223 224 225 226 227 236 237 238 254 256 258 272 275 278 290 294 298 308 313 318 326 332 338 344 351 358 
219 68
10 19 29 39 48 59 67 75 79 86 93 99 105 111 119 124 129 139 143 147 159 162 165 179 181 183 199 200 201 209 210 211 212 213 214 215 216 217 218 220 221 222 223 224 225 226 227 237 238 239 255 257 259 273 276 279 291 295 299 309 314 319 327 333 339 345 352 359 
220 68
0 11 20 30 40 49 60 68 80 87 94 100 106 112 120 125 130 140 144 148 160 163 166 180 182 184 200 201 202 209 210 211 212 213 214 215 216 217 218 219 221 222 223 224 225 226 227 238 239 240 256 258 260 274 277 280 292 296 300 310 315 320 328 334 340 346 353 360 
221 66
1 12 21 31 41 50 61 69 81 88 101 107 113 121 126 131 141 145 149 161 164 167 181 183 185 201 202 203 209 210 211 212 213 214 215 216 217 218 219 220 222 223 224 225 226 227 239 240 241 257 259 261 275 278 281 293 297 301 311 316 321 329 335 341 347 354 
222 64
2 13 22 32 42 51 62 70 82 89 102 108 122 127 132 142 146 150 162 165 168 182 184 186 202 203 204 209 210 211 212 213 214 215 216 217 218 219 220 221 223 224 225 226 227 240 241 242 258 260 262 276 279 282 294 298 302 312 317 322 330 336 348 355 
223 62
3 14 23 33 43 52 63 71 83 90 103 109 123 128 143 147 151 163 166 169 183 185 187 203 204 205 209 210 211 212 213 214 215 216 217 218 219 220 221 222 224 225 226 227 241 242 243 259 261 263 277 280 283 295 299 303 313 318 331 337 349 356 
224 60
4 15 24 34 44 53 64 72 84 91 104 110 124 129 144 148 164 167 170 184 186 188 204 205 206 209 210 211 212 213 214 215 216 217 218 219 220 221 222 223 225 226 227 242 243 244 260 262 264 278 281 284 296 300 314 319 332 338 350 357 
225 58
5 16 25 35 45 54 65 73 85 92 105 111 125 130 145 149 165 168 185 187 189 205 206 207 209 210 211 212 213 214 215 216 217 218 219 220 221 222 223 224 226 227 243 244 245 261 263 265 279 282 297 301 315 320 333 339 351 358 
226 56
6 17 26 36 46 55 66 74 86 93 106 112 126 131 146 150 166 169 186 188 206 207 208 209 210 211 212 213 214 215 216 217 218 219 220 221 222 223 224 225 227 244 245 246 262 264 280 283 298 302 316 321 334 340 352 359 
227 54
7 18 27 37 47 56 67 75 87 94 107 113 127 132 147 151 167 170 187 189 207 208 209 210 211 212 213 214 215 216 217 218 219 220 221 222 223 224 225 226 245 246 263 265 281 284 299 303 317 322 335 341 353 360 
228 54
0 12 19 30 38 48 57 66 76 84 95 102 114 120 133 138 152 156 171 174 190 192 209 210 229 230 231 232 233 234 235 236 237 238 239 240 241 242 243 244 245 246 247 248 266 268 285 288 304 308 323 328 342 348 
229 56
1 13 20 31 39 49 58 67 77 85 96 103 115 121 134 139 153 157 172 175 191 193 209 210 211 228 230 231 232 233 234 235 236 237 238 239 240 241 242 243 244 245 246 247 248 249 267 269 286 289 305 309 324 329 343 349 
230 58
2 14 21 32 40 50 59 68 78 86 97 104 116 122 135 140 154 158 173 176 190 192 194 210 211 212 228 229 231 232 233 234 235 236 237 238 239 240 241 242 243 244 245 246 248 249 250 266 268 270 287 290 306 310 325 330 344 350 
231 60
3 15 22 33 41 51 60 69 79 87 98 105 117 123 136 141 155 159 171 174 177 191 193 195 211 212 213 228 229 230 232 233 234 235 236 237 238 239 240 241 242 243 244 245 246 249 250 251 267 269 271 285 288 291 307 311 326 331 345 351 
232 62
4 16 23 34 42 52 61 70 80 88 99 106 118 124 137 142 152 156 160 172 175 178 192 194 196 212 213 214 228 229 230 231 233 234 235 236 237 238 239 240 241 242 243 244 245 246 250 251 252 268 270 272 286 289 292 304 308 312 327 332 346 352 
233 64
5 17 24 35 43 53 62 71 81 89 100 107 119 125 133 138 143 153 157 161 173 176 179 193 195 197 213 214 215 228 229 230 231 232 234 235 236 237 238 239 240 241 242 243 244 245 246 251 252 253 269 271 273 287 290 293 305 309 313 323 328 333 347 353 
234 66
6 18 25 36 44 54 63 72 82 90 101 108 114 120 126 134 139 144 154 158 162 174 177 180 194 196 198 214 215 216 228 229 230 231 232 233 235 236 237 238 239 240 241 242 243 244 245 246 252 253 254 270 272 274 288 291 294 306 310 314 324 329 334 342 348 354 
235 66
7 26 37 45 55 64 73 83 91 95 102 109 115 121 127 135 140 145 155 159 163 175 178 181 195 197 199 215 216 217 228 229 230 231 232 233 234 236 237 238 239 240 241 242 243 244 245 246 253 254 255 271 273 275 289 292 295 307 311 315 325 330 335 343 349 355 
236 66
8 27 46 56 65 74 76 84 92 96 103 110 116 122 128 136 141 146 156 160 164 176 179 182 196 198 200 216 217 218 228 229 230 231 232 233 234 235 237 238 239 240 241 242 243 244 245 246 254 255 256 272 274 276 290 293 296 308 312 316 326 331 336 344 350 356 
237 66
9 28 47 57 66 75 77 85 93 97 104 111 117 123 129 137 142 147 157 161 165 177 180 183 197 199 201 217 218 219 228 229 230 231 232 233 234 235 236 238 239 240 241 242 243 244 245 246 255 256 257 273 275 277 291 294 297 309 313 317 327 332 337 345 351 357 
238 66
10 29 38 48 58 67 78 86 94 98 105 112 118 124 130 138 143 148 158 162 166 178 181 184 198 200 202 218 219 220 228 229 230 231 232 233 234 235 236 237 239 240 241 242 243 244 245 246 256 257 258 274 276 278 292 295 298 310 314 318 328 333 338 346 352 358 
239 66
11 19 30 39 49 59 68 79 87 99 106 113 119 125 131 139 144 149 159 163 167 179 182 185 199 201 203 219 220 221 228 229 230 231 232 233 234 235 236 237 238 240 241 242 243 244 245 246 257 258 259 275 277 279 293 296 299 311 315 319 329 334 339 347 353 359 
240 66
0 12 20 31 40 50 60 69 80 88 100 107 120 126 132 140 145 150 160 164 168 180 183 186 200 202 204 220 221 222 228 229 230 231 232 233 234 235 236 237 238 239 241 242 243 244 245 246 258 259 260 276 278 280 294 297 300 312 316 320 330 335 340 348 354 360 
241 64
1 13 21 32 41 51 61 70 81 89 101 108 121 127 141 146 151 161 165 169 181 184 187 201 203 205 221 222 223 228 229 230 231 232 233 234 235 236 237 238 239 240 242 243 244 245 246 259 260 261 277 279 281 295 298 301 313 317 321 331 336 341 349 355 
242 62
2 14 22 33 42 52 62 71 82 90 102 109 122 128 142 147 162 166 170 182 185 188 202 204 206 222 223 224 228 229 230 231 232 233 234 235 236 237 238 239 240 241 243 244 245 246 260 261 262 278 280 282 296 299 302 314 318 322 332 337 350 356 
243 60
3 15 23 34 43 53 63 72 83 91 103 110 123 129 143 148 163 167 183 186 189 203 205 207 223 224 225 228 229 230 231 232 233 234 235 236 237 238 239 240 241 242 244 245 246 261 262 263 279 281 283 297 300 303 315 319 333 338 351 357 
244 58
4 16 24 35 44 54 64 73 84 92 104 111 124 130 144 149 164 168 184 187 204 206 208 224 225 226 228 229 230 231 232 233 234 235 236 237 238 239 240 241 242 243 245 246 262 263 264 280 282 284 298 301 316 320 334 339 352 358 
245 56
5 17 25 36 45 55 65 74 85 93 105 112 125 131 145 150 165 169 185 188 205 207 225 226 227 228 229 230 231 232 233 234 235 236 237 238 239 240 241 242 243 244 246 263 264 265 281 283 299 302 317 321 335 340 353 359 
246 54
6 18 26 37 46 56 66 75 86 94 106 113 126 132 146 151 166 170 186 189 206 208 226 227 228 229 230 231 232 233 234 235 236 237 238 239 240 241 242 243 244 245 264 265 282 284 300 303 318 322 336 341 354 360 
247 54
0 13 19 31 38 49 57 67 76 85 95 103 114 121 133 139 152 157 171 175 190 193 209 211 228 229 248 249 250 251 252 253 254 255 256 257 258 259 260 261 262 263 264 265 266 267 285 287 304 307 323 327 342 347 
248 56
1 14 20 32 39 50 58 68 77 86 96 104 115 122 134 140 153 158 172 176 191 194 210 212 228 229 230 247 249 250 251 252 253 254 255 256 257 258 259 260 261 262 263 264 265 266 267 268 286 288 305 308 324 328 343 348 
249 58
2 15 21 33 40 51 59 69 78 87 97 105 116 123 135 141 154 159 173 177 192 195 209 211 213 229 230 231 247 248 250 251 252 253 254 255 256 257 258 259 260 261 262 263 264 265 267 268 269 285 287 289 306 309 325 329 344 349 
250 60
3 16 22 34 41 52 60 70 79 88 98 106 117 124 136 142 155 160 174 178 190 193 196 210 212 214 230 231 232 247 248 249 251 252 253 254 255 256 257 258 259 260 261 262 263 264 265 268 269 270 286 288 290 304 307 310 326 330 345 350 
251 62
4 17 23 35 42 53 61 71 80 89 99 107 118 125 137 143 156 161 171 175 179 191 194 197 211 213 215 231 232 233 247 248 249 250 252 253 254 255 256 257 258 259 260 261 262 263 264 265 269 270 271 287 289 291 305 308 311 323 327 331 346 351 
252 64
5 18 24 36 43 54 62 72 81 90 100 108 119 126 138 144 152 157 162 172 176 180 192 195 198 212 214 216 232 233 234 247 248 249 250 251 253 254 255 256 257 258 259 260 261 262 263 264 265 270 271 272 288 290 292 306 309 312 324 328 332 342 347 352 
253 64
6 25 37 44 55 63 73 82 91 101 109 120 127 133 139 145 153 158 163 173 177 181 193 196 199 213 215 217 233 234 235 247 248 249 250 251 252 254 255 256 257 258 259 260 261 262 263 264 265 271 272 273 289 291 293 307 310 313 325 329 333 343 348 353 
254 64
7 26 45 56 64 74 83 92 102 110 114 121 128 134 140 146 154 159 164 174 178 182 194 197 200 214 216 218 234 235 236 247 248 249 250 251 252 253 255 256 257 258 259 260 261 262 263 264 265 272 273 274 290 292 294 308 311 314 326 330 334 344 349 354 
255 64
8 27 46 65 75 84 93 95 103 111 115 122 129 135 141 147 155 160 165 175 179 183 195 198 201 215 217 219 235 236 237 247 248 249 250 251 252 253 254 256 257 258 259 260 261 262 263 264 265 273 274 275 291 293 295 309 312 315 327 331 335 345 350 355 
256 64
9 28 47 66 76 85 94 96 104 112 116 123 130 136 142 148 156 161 166 176 180 184 196 199 202 216 218 220 236 237 238 247 248 249 250 251 252 253 254 255 257 258 259 260 261 262 263 264 265 274 275 276 292 294 296 310 313 316 328 332 336 346 351 356 
257 64
10 29 48 57 67 77 86 97 105 113 117 124 131 137 143 149 157 162 167 177 181 185 197 200 203 217 219 221 237 238 239 247 248 249 250 251 252 253 254 255 256 258 259 260 261 262 263 264 265 275 276 277 293 295 297 311 314 317 329 333 337 347 352 357 
258 64
11 30 38 49 58 68 78 87 98 106 118 125 132 138 144 150 158 163 168 178 182 186 198 201 204 218 220 222 238 239 240 247 248 249 250 251 252 253 254 255 256 257 259 260 261 262 263 264 265 276 277 278 294 296 298 312 315 318 330 334 338 348 353 358 
259 64
12 19 31 39 50 59 69 79 88 99 107 119 126 139 145 151 159 164 169 179 183 187 199 202 205 219 221 223 239 240 241 247 248 249 250 251 252 253 254 255 256 257 258 260 261 262 263 264 265 277 278 279 295 297 299 313 316 319 331 335 339 349 354 359 
260 64
0 13 20 32 40 51 60 70 80 89 100 108 120 127 140 146 160 165 170 180 184 188 200 203 206 220 222 224 240 241 242 247 248 249 250 251 252 253 254 255 256 257 258 259 261 262 263 264 265 278 279 280 296 298 300 314 317 320 332 336 340 350 355 360 
261 62
1 14 21 33 41 52 61 71 81 90 101 109 121 128 141 147 161 166 181 185 189 201 204 207 221 223 225 241 242 243 247 248 249 250 251 252 253 254 255 256 257 258 259 260 262 263 264 265 279 280 281 297 299 301 315 318 321 333 337 341 351 356 
262 60
2 15 22 34 42 53 62 72 82 91 102 110 122 129 142 148 162 167 182 186 202 205 208 222 224 226 242 243 244 247 248 249 250 251 252 253 254 255 256 257 258 259 260 261 263 264 265 280 281 282 298 300 302 316 319 322 334 338 352 357 
263 58
3 16 23 35 43 54 63 73 83 92 103 111 123 130 143 149 163 168 183 187 203 206 223 225 227 243 244 245 247 248 249 250 251 252 253 254 255 256 257 258 259 260 261 262 264 265 281 282 283 299 301 303 317 320 335 339 353 358 
264 56
4 17 24 36 44 55 64 74 84 93 104 112 124 131 144 150 164 169 184 188 204 207 224 226 244 245 246 247 248 249 250 251 252 253 254 255 256 257 258 259 260 261 262 263 265 282 283 284 300 302 318 321 336 340 354 359 
265 54
5 18 25 37 45 56 65 75 85 94 105 113 125 132 145 151 165 170 185 189 205 208 225 227 245 246 247 248 249 250 251 252 253 254 255 256 257 258 259 260 261 262 263 264 283 284 301 303 319 322 337 341 355 360 
266 54
0 14 19 32 38 50 57 68 76 86 95 104 114 122 133 140 152 158 171 176 190 194 209 212 228 230 247 248 267 268 269 270 271 272 273 274 275 276 277 278 279 280 281 282 283 284 285 286 304 306 323 326 342 346 
267 56
1 15 20 33 39 51 58 69 77 87 96 105 115 123 134 141 153 159 172 177 191 195 210 213 229 231 247 248 249 266 268 269 270 271 272 273 274 275 276 277 278 279 280 281 282 283 284 285 286 287 305 307 324 327 343 347 
268 58
2 16 21 34 40 52 59 70 78 88 97 106 116 124 135 142 154 160 173 178 192 196 211 214 228 230 232 248 249 250 266 267 269 270 271 272 273 274 275 276 277 278 279 280 281 282 283 284 286 287 288 304 306 308 325 328 344 348 
269 60
3 17 22 35 41 53 60 71 79 89 98 107 117 125 136 143 155 161 174 179 193 197 209 212 215 229 231 233 249 250 251 266 267 268 270 271 272 273 274 275 276 277 278 279 280 281 282 283 284 287 288 289 305 307 309 323 326 329 345 349 
270 62
4 18 23 36 42 54 61 72 80 90 99 108 118 126 137 144 156 162 175 180 190 194 198 210 213 216 230 232 234 250 251 252 266 267 268 269 271 272 273 274 275 276 277 278 279 280 281 282 283 284 288 289 290 306 308 310 324 327 330 342 346 350 
271 62
5 24 37 43 55 62 73 81 91 100 109 119 127 138 145 157 163 171 176 181 191 195 199 211 214 217 231 233 235 251 252 253 266 267 268 269 270 272 273 274 275 276 277 278 279 280 281 282 283 284 289 290 291 307 309 311 325 328 331 343 347 351 
272 62
6 25 44 56 63 74 82 92 101 110 120 128 139 146 152 158 164 172 177 182 192 196 200 212 215 218 232 234 236 252 253 254 266 267 268 269 270 271 273 274 275 276 277 278 279 280 281 282 283 284 290 291 292 308 310 312 326 329 332 344 348 352 
273 62
7 26 45 64 75 83 93 102 111 121 129 133 140 147 153 159 165 173 178 183 193 197 201 213 216 219 233 235 237 253 254 255 266 267 268 269 270 271 272 274 275 276 277 278 279 280 281 282 283 284 291 292 293 309 311 313 327 330 333 345 349 353 
274 62
8 27 46 65 84 94 103 112 114 122 130 134 141 148 154 160 166 174 179 184 194 198 202 214 217 220 234 236 238 254 255 256 266 267 268 269 270 271 272 273 275 276 277 278 279 280 281 282 283 284 292 293 294 310 312 314 328 331 334 346 350 354 
275 62
9 28 47 66 85 95 104 113 115 123 131 135 142 149 155 161 167 175 180 185 195 199 203 215 218 221 235 237 239 255 256 257 266 267 268 269 270 271 272 273 274 276 277 278 279 280 281 282 283 284 293 294 295 311 313 315 329 332 335 347 351 355 
276 62
10 29 48 67 76 86 96 105 116 124 132 136 143 150 156 162 168 176 181 186 196 200 204 216 219 222 236 238 240 256 257 258 266 267 268 269 270 271 272 273 274 275 277 278 279 280 281 282 283 284 294 295 296 312 314 316 330 333 336 348 352 356 
277 62
11 30 49 57 68 77 87 97 106 117 125 137 144 151 157 163 169 177 182 187 197 201 205 217 220 223 237 239 241 257 258 259 266 267 268 269 270 271 272 273 274 275 276 278 279 280 281 282 283 284 295 296 297 313 315 317 331 334 337 349 353 357 
278 62
12 31 38 50 58 69 78 88 98 107 118 126 138 145 158 164 170 178 183 188 198 202 206 218 221 224 238 240 242 258 259 260 266 267 268 269 270 271 272 273 274 275 276 277 279 280 281 282 283 284 296 297 298 314 316 318 332 335 338 350 354 358 
279 62
13 19 32 39 51 59 70 79 89 99 108 119 127 139 146 159 165 179 184 189 199 203 207 219 222 225 239 241 243 259 260 261 266 267 268 269 270 271 272 273 274 275 276 277 278 280 281 282 283 284 297 298 299 315 317 319 333 336 339 351 355 359 
280 62
0 14 20 33 40 52 60 71 80 90 100 109 120 128 140 147 160 166 180 185 200 204 208 220 223 226 240 242 244 260 261 262 266 267 268 269 270 271 272 273 274 275 276 277 278 279 281 282 283 284 298 299 300 316 318 320 334 337 340 352 356 360 
281 60
1 15 21 34 41 53 61 72 81 91 101 110 121 129 141 148 161 167 181 186 201 205 221 224 227 241 243 245 261 262 263 266 267 268 269 270 271 272 273 274 275 276 277 278 279 280 282 283 284 299 300 301 317 319 321 335 338 341 353 357 
282 58
2 16 22 35 42 54 62 73 82 92 102 111 122 130 142 149 162 168 182 187 202 206 222 225 242 244 246 262 263 264 266 267 268 269 270 271 272 273 274 275 276 277 278 279 280 281 283 284 300 301 302 318 320 322 336 339 354 358 
283 56
3 17 23 36 43 55 63 74 83 93 103 112 123 131 143 150 163 169 183 188 203 207 223 226 243 245 263 264 265 266 267 268 269 270 271 272 273 274 275 276 277 278 279 280 281 282 284 301 302 303 319 321 337 340 355 359 
284 54
4 18 24 37 44 56 64 75 84 94 104 113 124 132 144 151 164 170 184 189 204 208 224 227 244 246 264 265 266 267 268 269 270 271 272 273 274 275 276 277 278 279 280 281 282 283 302 303 320 322 338 341 356 360 
285 54
0 15 19 33 38 51 57 69 76 87 95 105 114 123 133 141 152 159 171 177 190 195 209 213 228 231 247 249 266 267 286 287 288 289 290 291 292 293 294 295 296 297 298 299 300 301 302 303 304 305 323 325 342 345 
286 56
1 16 20 34 39 52 58 70 77 88 96 106 115 124 134 142 153 160 172 178 191 196 210 214 229 232 248 250 266 267 268 285 287 288 289 290 291 292 293 294 295 296 297 298 299 300 301 302 303 304 305 306 324 326 343 346 
287 58
2 17 21 35 40 53 59 71 78 89 97 107 116 125 135 143 154 161 173 179 192 197 211 215 230 233 247 249 251 267 268 269 285 286 288 289 290 291 292 293 294 295 296 297 298 299 300 301 302 303 305 306 307 323 325 327 344 347 
288 60
3 18 22 36 41 54 60 72 79 90 98 108 117 126 136 144 155 162 174 180 193 198 212 216 228 231 234 248 250 252 268 269 270 285 286 287 289 290 291 292 293 294 295 296 297 298 299 300 301 302 303 306 307 308 324 326 328 342 345 348 
289 60
4 23 37 42 55 61 73 80 91 99 109 118 127 137 145 156 163 175 181 194 199 209 213 217 229 232 235 249 251 253 269 270 271 285 286 287 288 290 291 292 293 294 295 296 297 298 299 300 301 302 303 307 308 309 325 327 329 343 346 349 
290 60
5 24 43 56 62 74 81 92 100 110 119 128 138 146 157 164 176 182 190 195 200 210 214 218 230 233 236 250 252 254 270 271 272 285 286 287 288 289 291 292 293 294 295 296 297 298 299 300 301 302 303 308 309 310 326 328 330 344 347 350 
291 60
6 25 44 63 75 82 93 101 111 120 129 139 147 158 165 171 177 183 191 196 201 211 215 219 231 234 237 251 253 255 271 272 273 285 286 287 288 289 290 292 293 294 295 296 297 298 299 300 301 302 303 309 310 311 327 329 331 345 348 351 
292 60
7 26 45 64 83 94 102 112 121 130 140 148 152 159 166 172 178 184 192 197 202 212 216 220 232 235 238 252 254 256 272 273 274 285 286 287 288 289 290 291 293 294 295 296 297 298 299 300 301 302 303 310 311 312 328 330 332 346 349 352 
293 60
8 27 46 65 84 103 113 122 131 133 141 149 153 160 167 173 179 185 193 198 203 213 217 221 233 236 239 253 255 257 273 274 275 285 286 287 288 289 290 291 292 294 295 296 297 298 299 300 301 302 303 311 312 313 329 331 333 347 350 353 
294 60
9 28 47 66 85 104 114 123 132 134 142 150 154 161 168 174 180 186 194 199 204 214 218 222 234 237 240 254 256 258 274 275 276 285 286 287 288 289 290 291 292 293 295 296 297 298 299 300 301 302 303 312 313 314 330 332 334 348 351 354 
295 60
10 29 48 67 86 95 105 115 124 135 143 151 155 162 169 175 181 187 195 200 205 215 219 223 235 238 241 255 257 259 275 276 277 285 286 287 288 289 290 291 292 293 294 296 297 298 299 300 301 302 303 313 314 315 331 333 335 349 352 355 
296 60
11 30 49 68 76 87 96 106 116 125 136 144 156 163 170 176 182 188 196 201 206 216 220 224 236 239 242 256 258 260 276 277 278 285 286 287 288 289 290 291 292 293 294 295 297 298 299 300 301 302 303 314 315 316 332 334 336 350 353 356 
297 60
12 31 50 57 69 77 88 97 107 117 126 137 145 157 164 177 183 189 197 202 207 217 221 225 237 240 243 257 259 261 277 278 279 285 286 287 288 289 290 291 292 293 294 295 296 298 299 300 301 302 303 315 316 317 333 335 337 351 354 357 
298 60
13 32 38 51 58 70 78 89 98 108 118 127 138 146 158 165 178 184 198 203 208 218 222 226 238 241 244 258 260 262 278 279 280 285 286 287 288 289 290 291 292 293 294 295 296 297 299 300 301 302 303 316 317 318 334 336 338 352 355 358 
299 60
14 19 33 39 52 59 71 79 90 99 109 119 128 139 147 159 166 179 185 199 204 219 223 227 239 242 245 259 261 263 279 280 281 285 286 287 288 289 290 291 292 293 294 295 296 297 298 300 301 302 303 317 318 319 335 337 339 353 356 359 
300 60
0 15 20 34 40 53 60 72 80 91 100 110 120 129 140 148 160 167 180 186 200 205 220 224 240 243 246 260 262 264 280 281 282 285 286 287 288 289 290 291 292 293 294 295 296 297 298 299 301 302 303 318 319 320 336 338 340 354 357 360 
301 58
1 16 21 35 41 54 61 73 81 92 101 111 121 130 141 149 161 168 181 187 201 206 221 225 241 244 261 263 265 281 282 283 285 286 287 288 289 290 291 292 293 294 295 296 297 298 299 300 302 303 319 320 321 337 339 341 355 358 
302 56
2 17 22 36 42 55 62 74 82 93 102 112 122 131 142 150 162 169 182 188 202 207 222 226 242 245 262 264 282 283 284 285 286 287 288 289 290 291 292 293 294 295 296 297 298 299 300 301 303 320 321 322 338 340 356 359 
303 54
3 18 23 37 43 56 63 75 83 94 103 113 123 132 143 151 163 170 183 189 203 208 223 227 243 246 263 265 283 284 285 286 287 288 289 290 291 292 293 294 295 296 297 298 299 300 301 302 321 322 339 341 357 360 
304 54
0 16 19 34 38 52 57 70 76 88 95 106 114 124 133 142 152 160 171 178 190 196 209 214 228 232 247 250 266 268 285 286 305 306 307 308 309 310 311 312 313 314 315 316 317 318 319 320 321 322 323 324 342 344 
305 56
1 17 20 35 39 53 58 71 77 89 96 107 115 125 134 143 153 161 172 179 191 197 210 215 229 233 248 251 267 269 285 286 287 304 306 307 308 309 310 311 312 313 314 315 316 317 318 319 320 321 322 323 324 325 343 345 
306 58
2 18 21 36 40 54 59 72 78 90 97 108 116 126 135 144 154 162 173 180 192 198 211 216 230 234 249 252 266 268 270 286 287 288 304 305 307 308 309 310 311 312 313 314 315 316 317 318 319 320 321 322 324 325 326 342 344 346 
307 58
3 22 37 41 55 60 73 79 91 98 109 117 127 136 145 155 163 174 181 193 199 212 217 231 235 247 250 253 267 269 271 287 288 289 304 305 306 308 309 310 311 312 313 314 315 316 317 318 319 320 321 322 325 326 327 343 345 347 
308 58
4 23 42 56 61 74 80 92 99 110 118 128 137 146 156 164 175 182 194 200 213 218 228 232 236 248 251 254 268 270 272 288 289 290 304 305 306 307 309 310 311 312 313 314 315 316 317 318 319 320 321 322 326 327 328 344 346 348 
309 58
5 24 43 62 75 81 93 100 111 119 129 138 147 157 165 176 183 195 201 209 214 219 229 233 237 249 252 255 269 271 273 289 290 291 304 305 306 307 308 310 311 312 313 314 315 316 317 318 319 320 321 322 327 328 329 345 347 349 
310 58
6 25 44 63 82 94 101 112 120 130 139 148 158 166 177 184 190 196 202 210 215 220 230 234 238 250 253 256 270 272 274 290 291 292 304 305 306 307 308 309 311 312 313 314 315 316 317 318 319 320 321 322 328 329 330 346 348 350 
311 58
7 26 45 64 83 102 113 121 131 140 149 159 167 171 178 185 191 197 203 211 216 221 231 235 239 251 254 257 271 273 275 291 292 293 304 305 306 307 308 309 310 312 313 314 315 316 317 318 319 320 321 322 329 330 331 347 349 351 
312 58
8 27 46 65 84 103 122 132 141 150 152 160 168 172 179 186 192 198 204 212 217 222 232 236 240 252 255 258 272 274 276 292 293 294 304 305 306 307 308 309 310 311 313 314 315 316 317 318 319 320 321 322 330 331 332 348 350 352 
313 58
9 28 47 66 85 104 123 133 142 151 153 161 169 173 180 187 193 199 205 213 218 223 233 237 241 253 256 259 273 275 277 293 294 295 304 305 306 307 308 309 310 311 312 314 315 316 317 318 319 320 321 322 331 332 333 349 351 353 
314 58
10 29 48 67 86 105 114 124 134 143 154 162 170 174 181 188 194 200 206 214 219 224 234 238 242 254 257 260 274 276 278 294 295 296 304 305 306 307 308 309 310 311 312 313 315 316 317 318 319 320 321 322 332 333 334 350 352 354 
315 58
11 30 49 68 87 95 106 115 125 135 144 155 163 175 182 189 195 201 207 215 220 225 235 239 243 255 258 261 275 277 279 295 296 297 304 305 306 307 308 309 310 311 312 313 314 316 317 318 319 320 321 322 333 334 335 351 353 355 
316 58
12 31 50 69 76 88 96 107 116 126 136 145 156 164 176 183 196 202 208 216 221 226 236 240 244 256 259 262 276 278 280 296 297 298 304 305 306 307 308 309 310 311 312 313 314 315 317 318 319 320 321 322 334 335 336 352 354 356 
317 58
13 32 51 57 70 77 89 97 108 117 127 137 146 157 165 177 184 197 203 217 222 227 237 241 245 257 260 263 277 279 281 297 298 299 304 305 306 307 308 309 310 311 312 313 314 315 316 318 319 320 321 322 335 336 337 353 355 357 
318 58
14 33 38 52 58 71 78 90 98 109 118 128 138 147 158 166 178 185 198 204 218 223 238 242 246 258 261 264 278 280 282 298 299 300 304 305 306 307 308 309 310 311 312 313 314 315 316 317 319 320 321 322 336 337 338 354 356 358 
319 58
15 19 34 39 53 59 72 79 91 99 110 119 129 139 148 159 167 179 186 199 205 219 224 239 243 259 262 265 279 281 283 299 300 301 304 305 306 307 308 309 310 311 312 313 314 315 316 317 318 320 321 322 337 338 339 355 357 359 
320 58
0 16 20 35 40 54 60 73 80 92 100 111 120 130 140 149 160 168 180 187 200 206 220 225 240 244 260 263 280 282 284 300 301 302 304 305 306 307 308 309 310 311 312 313 314 315 316 317 318 319 321 322 338 339 340 356 358 360 
321 56
1 17 21 36 41 55 61 74 81 93 101 112 121 131 141 150 161 169 181 188 201 207 221 226 241 245 261 264 281 283 301 302 303 304 305 306 307 308 309 310 311 312 313 314 315 316 317 318 319 320 322 339 340 341 357 359 
322 54
2 18 22 37 42 56 62 75 82 94 102 113 122 132 142 151 162 170 182 189 202 208 222 227 242 246 262 265 282 284 302 303 304 305 306 307 308 309 310 311 312 313 314 315 316 317 318 319 320 321 340 341 358 360 
323 54
0 17 19 35 38 53 57 71 76 89 95 107 114 125 133 143 152 161 171 179 190 197 209 215 228 233 247 251 266 269 285 287 304 305 324 325 326 327 328 329 330 331 332 333 334 335 336 337 338 339 340 341 342 343 
324 56
1 18 20 36 39 54 58 72 77 90 96 108 115 126 134 144 153 162 172 180 191 198 210 216 229 234 248 252 267 270 286 288 304 305 306 323 325 326 327 328 329 330 331 332 333 334 335 336 337 338 339 340 341 342 343 344 
325 56
2 21 37 40 55 59 73 78 91 97 109 116 127 135 145 154 163 173 181 192 199 211 217 230 235 249 253 268 271 285 287 289 305 306 307 323 324 326 327 328 329 330 331 332 333 334 335 336 337 338 339 340 341 343 344 345 
326 56
3 22 41 56 60 74 79 92 98 110 117 128 136 146 155 164 174 182 193 200 212 218 231 236 250 254 266 269 272 286 288 290 306 307 308 323 324 325 327 328 329 330 331 332 333 334 335 336 337 338 339 340 341 344 345 346 
327 56
4 23 42 61 75 80 93 99 111 118 129 137 147 156 165 175 183 194 201 213 219 232 237 247 251 255 267 270 273 287 289 291 307 308 309 323 324 325 326 328 329 330 331 332 333 334 335 336 337 338 339 340 341 345 346 347 
328 56
5 24 43 62 81 94 100 112 119 130 138 148 157 166 176 184 195 202 214 220 228 233 238 248 252 256 268 271 274 288 290 292 308 309 310 323 324 325 326 327 329 330 331 332 333 334 335 336 337 338 339 340 341 346 347 348 
329 56
6 25 44 63 82 101 113 120 131 139 149 158 167 177 185 196 203 209 215 221 229 234 239 249 253 257 269 272 275 289 291 293 309 310 311 323 324 325 326 327 328 330 331 332 333 334 335 336 337 338 339 340 341 347 348 349 
330 56
7 26 45 64 83 102 121 132 140 150 159 168 178 186 190 197 204 210 216 222 230 235 240 250 254 258 270 273 276 290 292 294 310 311 312 323 324 325 326 327 328 329 331 332 333 334 335 336 337 338 339 340 341 348 349 350 
331 56
8 27 46 65 84 103 122 141 151 160 169 171 179 187 191 198 205 211 217 223 231 236 241 251 255 259 271 274 277 291 293 295 311 312 313 323 324 325 326 327 328 329 330 332 333 334 335 336 337 338 339 340 341 349 350 351 
332 56
9 28 47 66 85 104 123 142 152 161 170 172 180 188 192 199 206 212 218 224 232 237 242 252 256 260 272 275 278 292 294 296 312 313 314 323 324 325 326 327 328 329 330 331 333 334 335 336 337 338 339 340 341 350 351 352 
333 56
10 29 48 67 86 105 124 133 143 153 162 173 181 189 193 200 207 213 219 225 233 238 243 253 257 261 273 276 279 293 295 297 313 314 315 323 324 325 326 327 328 329 330 331 332 334 335 336 337 338 339 340 341 351 352 353 
334 56
11 30 49 68 87 106 114 125 134 144 154 163 174 182 194 201 208 214 220 226 234 239 244 254 258 262 274 277 280 294 296 298 314 315 316 323 324 325 326 327 328 329 330 331 332 333 335 336 337 338 339 340 341 352 353 354 
335 56
12 31 50 69 88 95 107 115 126 135 145 155 164 175 183 195 202 215 221 227 235 240 245 255 259 263 275 278 281 295 297 299 315 316 317 323 324 325 326 327 328 329 330 331 332 333 334 336 337 338 339 340 341 353 354 355 
336 56
13 32 51 70 76 89 96 108 116 127 136 146 156 165 176 184 196 203 216 222 236 241 246 256 260 264 276 279 282 296 298 300 316 317 318 323 324 325 326 327 328 329 330 331 332 333 334 335 337 338 339 340 341 354 355 356 
337 56
14 33 52 57 71 77 90 97 109 117 128 137 147 157 166 177 185 197 204 217 223 237 242 257 261 265 277 280 283 297 299 301 317 318 319 323 324 325 326 327 328 329 330 331 332 333 334 335 336 338 339 340 341 355 356 357 
338 56
15 34 38 53 58 72 78 91 98 110 118 129 138 148 158 167 178 186 198 205 218 224 238 243 258 262 278 281 284 298 300 302 318 319 320 323 324 325 326 327 328 329 330 331 332 333 334 335 336 337 339 340 341 356 357 358 
339 56
16 19 35 39 54 59 73 79 92 99 111 119 130 139 149 159 168 179 187 199 206 219 225 239 244 259 263 279 282 299 301 303 319 320 321 323 324 325 326 327 328 329 330 331 332 333 334 335 336 337 338 340 341 357 358 359 
340 56
0 17 20 36 40 55 60 74 80 93 100 112 120 131 140 150 160 169 180 188 200 207 220 226 240 245 260 264 280 283 300 302 320 321 322 323 324 325 326 327 328 329 330 331 332 333 334 335 336 337 338 339 341 358 359 360 
341 54
1 18 21 37 41 56 61 75 81 94 101 113 121 132 141 151 161 170 181 189 201 208 221 227 241 246 261 265 281 284 301 303 321 322 323 324 325 326 327 328 329 330 331 332 333 334 335 336 337 338 339 340 359 360 
342 54
0 18 19 36 38 54 57 72 76 90 95 108 114 126 133 144 152 162 171 180 190 198 209 216 228 234 247 252 266 270 285 288 304 306 323 324 343 344 345 346 347 348 349 350 351 352 353 354 355 356 357 358 359 360 
343 54
1 20 37 39 55 58 73 77 91 96 109 115 127 134 145 153 163 172 181 191 199 210 217 229 235 248 253 267 271 286 289 305 307 323 324 325 342 344 345 346 347 348 349 350 351 352 353 354 355 356 357 358 359 360 
344 54
2 21 40 56 59 74 78 92 97 110 116 128 135 146 154 164 173 182 192 200 211 218 230 236 249 254 268 272 287 290 304 306 308 324 325 326 342 343 345 346 347 348 349 350 351 352 353 354 355 356 357 358 359 360 
345 54
3 22 41 60 75 79 93 98 111 117 129 136 147 155 165 174 183 193 201 212 219 231 237 250 255 269 273 285 288 291 305 307 309 325 326 327 342 343 344 346 347 348 349 350 351 352 353 354 355 356 357 358 359 360 
346 54
4 23 42 61 80 94 99 112 118 130 137 148 156 166 175 184 194 202 213 220 232 238 251 256 266 270 274 286 289 292 306 308 310 326 327 328 342 343 344 345 347 348 349 350 351 352 353 354 355 356 357 358 359 360 
347 54
5 24 43 62 81 100 113 119 131 138 149 157 167 176 185 195 203 214 221 233 239 247 252 257 267 271 275 287 290 293 307 309 311 327 328 329 342 343 344 345 346 348 349 350 351 352 353 354 355 356 357 358 359 360 
348 54
6 25 44 63 82 101 120 132 139 150 158 168 177 186 196 204 215 222 228 234 240 248 253 258 268 272 276 288 291 294 308 310 312 328 329 330 342 343 344 345 346 347 349 350 351 352 353 354 355 356 357 358 359 360 
349 54
7 26 45 64 83 102 121 140 151 159 169 178 187 197 205 209 216 223 229 235 241 249 254 259 269 273 277 289 292 295 309 311 313 329 330 331 342 343 344 345 346 347 348 350 351 352 353 354 355 356 357 358 359 360 
350 54
8 27 46 65 84 103 122 141 160 170 179 188 190 198 206 210 217 224 230 236 242 250 255 260 270 274 278 290 293 296 310 312 314 330 331 332 342 343 344 345 346 347 348 349 351 352 353 354 355 356 357 358 359 360 
351 54
9 28 47 66 85 104 123 142 161 171 180 189 191 199 207 211 218 225 231 237 243 251 256 261 271 275 279 291 294 297 311 313 315 331 332 333 342 343 344 345 346 347 348 349 350 352 353 354 355 356 357 358 359 360 
352 54
10 29 48 67 86 105 124 143 152 162 172 181 192 200 208 212 219 226 232 238 244 252 257 262 272 276 280 292 295 298 312 314 316 332 333 334 342 343 344 345 346 347 348 349 350 351 353 354 355 356 357 358 359 360 
353 54
11 30 49 68 87 106 125 133 144 153 163 173 182 193 201 213 220 227 233 239 245 253 258 263 273 277 281 293 296 299 313 315 317 333 334 335 342 343 344 345 346 347 348 349 350 351 352 354 355 356 357 358 359 360 
354 54
12 31 50 69 88 107 114 126 134 145 154 164 174 183 194 202 214 221 234 240 246 254 259 264 274 278 282 294 297 300 314 316 318 334 335 336 342 343 344 345 346 347 348 349 350 351 352 353 355 356 357 358 359 360 
355 54
13 32 51 70 89 95 108 115 127 135 146 155 165 175 184 195 203 215 222 235 241 255 260 265 275 279 283 295 298 301 315 317 319 335 336 337 342 343 344 345 346 347 348 349 350 351 352 353 354 356 357 358 359 360 
356 54
14 33 52 71 76 90 96 109 116 128 136 147 156 166 176 185 196 204 216 223 236 242 256 261 276 280 284 296 299 302 316 318 320 336 337 338 342 343 344 345 346 347 348 349 350 351 352 353 354 355 357 358 359 360 
357 54
15 34 53 57 72 77 91 97 110 117 129 137 148 157 167 177 186 197 205 217 224 237 243 257 262 277 281 297 300 303 317 319 321 337 338 339 342 343 344 345 346 347 348 349 350 351 352 353 354 355 356 358 359 360 
358 54
16 35 38 54 58 73 78 92 98 111 118 130 138 149 158 168 178 187 198 206 218 225 238 244 258 263 278 282 298 301 318 320 322 338 339 340 342 343 344 345 346 347 348 349 350 351 352 353 354 355 356 357 359 360 
359 54
17 19 36 39 55 59 74 79 93 99 112 119 131 139 150 159 169 179 188 199 207 219 226 239 245 259 264 279 283 299 302 319 321 339 340 341 342 343 344 345 346 347 348 349 350 351 352 353 354 355 356 357 358 360 
360 54
0 18 20 37 40 56 60 75 80 94 100 113 120 132 140 151 160 170 180 189 200 208 220 227 240 246 260 265 280 284 300 303 320 322 340 341 342 343 344 345 346 347 348 349 350 351 352 353 354 355 356 357 358 359 
