400

0 57
1 2 3 4 5 6 7 8 9 10 11 12 13 14 15 16 17 18 19 20 21 40 42 60 63 80 84 100 105 120 126 140 147 160 168 180 189 200 210 220 231 240 252 260 273 280 294 300 315 320 336 340 357 360 378 380 399 
1 57
0 2 3 4 5 6 7 8 9 10 11 12 13 14 15 16 17 18 19 20 21 22 41 43 61 64 81 85 101 106 121 127 141 148 161 169 181 190 201 211 221 232 241 253 261 274 281 295 301 316 321 337 341 358 361 379 381 
2 57
0 1 3 4 5 6 7 8 9 10 11 12 13 14 15 16 17 18 19 21 22 23 40 42 44 62 65 82 86 102 107 122 128 142 149 162 170 182 191 202 212 222 233 242 254 262 275 282 296 302 317 322 338 342 359 362 382 
3 57
0 1 2 4 5 6 7 8 9 10 11 12 13 14 15 16 17 18 19 22 23 24 41 43 45 60 63 66 83 87 103 108 123 129 143 150 163 171 183 192 203 213 223 234 243 255 263 276 283 297 303 318 323 339 343 363 383 
4 57
0 1 2 3 5 6 7 8 9 10 11 12 13 14 15 16 17 18 19 23 24 25 42 44 46 61 64 67 80 84 88 104 109 124 130 144 151 164 172 184 193 204 214 224 235 244 256 264 277 284 298 304 319 324 344 364 384 
5 57
0 1 2 3 4 6 7 8 9 10 11 12 13 14 15 16 17 18 19 24 25 26 43 45 47 62 65 68 81 85 89 100 105 110 125 131 145 152 165 173 185 194 205 215 225 236 245 257 265 278 285 299 305 325 345 365 385 
6 57
0 1 2 3 4 5 7 8 9 10 11 12 13 14 15 16 17 18 19 25 26 27 44 46 48 63 66 69 82 86 90 101 106 111 120 126 132 146 153 166 174 186 195 206 216 226 237 246 258 266 279 286 306 326 346 366 386 
7 57
0 1 2 3 4 5 6 8 9 10 11 12 13 14 15 16 17 18 19 26 27 28 45 47 49 64 67 70 83 87 91 102 107 112 121 127 133 140 147 154 167 175 187 196 207 217 227 238 247 259 267 287 307 327 347 367 387 
8 57
0 1 2 3 4 5 6 7 9 10 11 12 13 14 15 16 17 18 19 27 28 29 46 48 50 65 68 71 84 88 92 103 108 113 122 128 134 141 148 155 160 168 176 188 197 208 218 228 239 248 268 288 308 328 348 368 388 
9 57
0 1 2 3 4 5 6 7 8 10 11 12 13 14 15 16 17 18 19 28 29 30 47 49 51 66 69 72 85 89 93 104 109 114 123 129 135 142 149 156 161 169 177 180 189 198 209 219 229 249 269 289 309 329 349 369 389 
10 57
0 1 2 3 4 5 6 7 8 9 11 12 13 14 15 16 17 18 19 29 30 31 48 50 52 67 70 73 86 90 94 105 110 115 124 130 136 143 150 157 162 170 178 181 190 199 200 210 230 250 270 290 310 330 350 370 390 
11 57
0 1 2 3 4 5 6 7 8 9 10 12 13 14 15 16 17 18 19 30 31 32 49 51 53 68 71 74 87 91 95 106 111 116 125 131 137 144 151 158 163 171 179 182 191 201 211 220 231 251 271 291 311 331 351 371 391 
12 57
0 1 2 3 4 5 6 7 8 9 10 11 13 14 15 16 17 18 19 31 32 33 50 52 54 69 72 75 88 92 96 107 112 117 126 132 138 145 152 159 164 172 183 192 202 212 221 232 240 252 272 292 312 332 352 372 392 
13 57
0 1 2 3 4 5 6 7 8 9 10 11 12 14 15 16 17 18 19 32 33 34 51 53 55 70 73 76 89 93 97 108 113 118 127 133 139 146 153 165 173 184 193 203 213 222 233 241 253 260 273 293 313 333 353 373 393 
14 57
0 1 2 3 4 5 6 7 8 9 10 11 12 13 15 16 17 18 19 33 34 35 52 54 56 71 74 77 90 94 98 109 114 119 128 134 147 154 166 174 185 194 204 214 223 234 242 254 261 274 280 294 314 334 354 374 394 
15 57
0 1 2 3 4 5 6 7 8 9 10 11 12 13 14 16 17 18 19 34 35 36 53 55 57 72 75 78 91 95 99 110 115 129 135 148 155 167 175 186 195 205 215 224 235 243 255 262 275 281 295 300 315 335 355 375 395 
16 57
0 1 2 3 4 5 6 7 8 9 10 11 12 13 14 15 17 18 19 35 36 37 54 56 58 73 76 79 92 96 111 116 130 136 149 156 168 176 187 196 206 216 225 236 244 256 263 276 282 296 301 316 320 336 356 376 396 
17 57
0 1 2 3 4 5 6 7 8 9 10 11 12 13 14 15 16 18 19 36 37 38 55 57 59 74 77 93 97 112 117 131 137 150 157 169 177 188 197 207 217 226 237 245 257 264 277 283 297 302 317 321 337 340 357 377 397 
18 57
0 1 2 3 4 5 6 7 8 9 10 11 12 13 14 15 16 17 19 37 38 39 56 58 75 78 94 98 113 118 132 138 151 158 170 178 189 198 208 218 227 238 246 258 265 278 284 298 303 318 322 338 341 358 360 378 398 
19 57
0 1 2 3 4 5 6 7 8 9 10 11 12 13 14 15 16 17 18 38 39 57 59 76 79 95 99 114 119 133 139 152 159 171 179 190 199 209 219 228 239 247 259 266 279 285 299 304 319 323 339 342 359 361 379 380 399 
20 57
0 1 21 22 23 24 25 26 27 28 29 30 31 32 33 34 35 36 37 38 39 40 41 60 62 80 83 100 104 120 125 140 146 160 167 180 188 200 209 220 230 240 251 260 272 280 293 300 314 320 335 340 356 360 377 380 398 
21 59
0 1 2 20 22 23 24 25 26 27 28 29 30 31 32 33 34 35 36 37 38 39 40 41 42 61 63 81 84 101 105 121 126 141 147 161 168 181 189 201 210 221 231 241 252 261 273 281 294 301 315 321 336 341 357 361 378 381 399 
22 59
1 2 3 20 21 23 24 25 26 27 28 29 30 31 32 33 34 35 36 37 38 39 41 42 43 60 62 64 82 85 102 106 122 127 142 148 162 169 182 190 202 211 222 232 242 253 262 274 282 295 302 316 322 337 342 358 362 379 382 
23 59
2 3 4 20 21 22 24 25 26 27 28 29 30 31 32 33 34 35 36 37 38 39 42 43 44 61 63 65 80 83 86 103 107 123 128 143 149 163 170 183 191 203 212 223 233 243 254 263 275 283 296 303 317 323 338 343 359 363 383 
24 59
3 4 5 20 21 22 23 25 26 27 28 29 30 31 32 33 34 35 36 37 38 39 43 44 45 62 64 66 81 84 87 100 104 108 124 129 144 150 164 171 184 192 204 213 224 234 244 255 264 276 284 297 304 318 324 339 344 364 384 
25 59
4 5 6 20 21 22 23 24 26 27 28 29 30 31 32 33 34 35 36 37 38 39 44 45 46 63 65 67 82 85 88 101 105 109 120 125 130 145 151 165 172 185 193 205 214 225 235 245 256 265 277 285 298 305 319 325 345 365 385 
26 59
5 6 7 20 21 22 23 24 25 27 28 29 30 31 32 33 34 35 36 37 38 39 45 46 47 64 66 68 83 86 89 102 106 110 121 126 131 140 146 152 166 173 186 194 206 215 226 236 246 257 266 278 286 299 306 326 346 366 386 
27 59
6 7 8 20 21 22 23 24 25 26 28 29 30 31 32 33 34 35 36 37 38 39 46 47 48 65 67 69 84 87 90 103 107 111 122 127 132 141 147 153 160 167 174 187 195 207 216 227 237 247 258 267 279 287 307 327 347 367 387 
28 59
7 8 9 20 21 22 23 24 25 26 27 29 30 31 32 33 34 35 36 37 38 39 47 48 49 66 68 70 85 88 91 104 108 112 123 128 133 142 148 154 161 168 175 180 188 196 208 217 228 238 248 259 268 288 308 328 348 368 388 
29 59
8 9 10 20 21 22 23 24 25 26 27 28 30 31 32 33 34 35 36 37 38 39 48 49 50 67 69 71 86 89 92 105 109 113 124 129 134 143 149 155 162 169 176 181 189 197 200 209 218 229 239 249 269 289 309 329 349 369 389 
30 59
9 10 11 20 21 22 23 24 25 26 27 28 29 31 32 33 34 35 36 37 38 39 49 50 51 68 70 72 87 90 93 106 110 114 125 130 135 144 150 156 163 170 177 182 190 198 201 210 219 220 230 250 270 290 310 330 350 370 390 
31 59
10 11 12 20 21 22 23 24 25 26 27 28 29 30 32 33 34 35 36 37 38 39 50 51 52 69 71 73 88 91 94 107 111 115 126 131 136 145 151 157 164 171 178 183 191 199 202 211 221 231 240 251 271 291 311 331 351 371 391 
32 59
11 12 13 20 21 22 23 24 25 26 27 28 29 30 31 33 34 35 36 37 38 39 51 52 53 70 72 74 89 92 95 108 112 116 127 132 137 146 152 158 165 172 179 184 192 203 212 222 232 241 252 260 272 292 312 332 352 372 392 
33 59
12 13 14 20 21 22 23 24 25 26 27 28 29 30 31 32 34 35 36 37 38 39 52 53 54 71 73 75 90 93 96 109 113 117 128 133 138 147 153 159 166 173 185 193 204 213 223 233 242 253 261 273 280 293 313 333 353 373 393 
34 59
13 14 15 20 21 22 23 24 25 26 27 28 29 30 31 32 33 35 36 37 38 39 53 54 55 72 74 76 91 94 97 110 114 118 129 134 139 148 154 167 174 186 194 205 214 224 234 243 254 262 274 281 294 300 314 334 354 374 394 
35 59
14 15 16 20 21 22 23 24 25 26 27 28 29 30 31 32 33 34 36 37 38 39 54 55 56 73 75 77 92 95 98 111 115 119 130 135 149 155 168 175 187 195 206 215 225 235 244 255 263 275 282 295 301 315 320 335 355 375 395 
36 59
15 16 17 20 21 22 23 24 25 26 27 28 29 30 31 32 33 34 35 37 38 39 55 56 57 74 76 78 93 96 99 112 116 131 136 150 156 169 176 188 196 207 216 226 236 245 256 264 276 283 296 302 316 321 336 340 356 376 396 
37 59
16 17 18 20 21 22 23 24 25 26 27 28 29 30 31 32 33 34 35 36 38 39 56 57 58 75 77 79 94 97 113 117 132 137 151 157 170 177 189 197 208 217 227 237 246 257 265 277 284 297 303 317 322 337 341 357 360 377 397 
38 59
17 18 19 20 21 22 23 24 25 26 27 28 29 30 31 32 33 34 35 36 37 39 57 58 59 76 78 95 98 114 118 133 138 152 158 171 178 190 198 209 218 228 238 247 258 266 278 285 298 304 318 323 338 342 358 361 378 380 398 
39 57
18 19 20 21 22 23 24 25 26 27 28 29 30 31 32 33 34 35 36 37 38 58 59 77 79 96 99 115 119 134 139 153 159 172 179 191 199 210 219 229 239 248 259 267 279 286 299 305 319 324 339 343 359 362 379 381 399 
40 57
0 2 20 21 41 42 43 44 45 46 47 48 49 50 51 52 53 54 55 56 57 58 59 60 61 80 82 100 103 120 124 140 145 160 166 180 187 200 208 220 229 240 250 260 271 280 292 300 313 320 334 340 355 360 376 380 397 
41 59
1 3 20 21 22 40 42 43 44 45 46 47 48 49 50 51 52 53 54 55 56 57 58 59 60 61 62 81 83 101 104 121 125 141 146 161 167 181 188 201 209 221 230 241 251 261 272 281 293 301 314 321 335 341 356 361 377 381 398 
42 61
0 2 4 21 22 23 40 41 43 44 45 46 47 48 49 50 51 52 53 54 55 56 57 58 59 61 62 63 80 82 84 102 105 122 126 142 147 162 168 182 189 202 210 222 231 242 252 262 273 282 294 302 315 322 336 342 357 362 378 382 399 
43 61
1 3 5 22 23 24 40 41 42 44 45 46 47 48 49 50 51 52 53 54 55 56 57 58 59 62 63 64 81 83 85 100 103 106 123 127 143 148 163 169 183 190 203 211 223 232 243 253 263 274 283 295 303 316 323 337 343 358 363 379 383 
44 61
2 4 6 23 24 25 40 41 42 43 45 46 47 48 49 50 51 52 53 54 55 56 57 58 59 63 64 65 82 84 86 101 104 107 120 124 128 144 149 164 170 184 191 204 212 224 233 244 254 264 275 284 296 304 317 324 338 344 359 364 384 
45 61
3 5 7 24 25 26 40 41 42 43 44 46 47 48 49 50 51 52 53 54 55 56 57 58 59 64 65 66 83 85 87 102 105 108 121 125 129 140 145 150 165 171 185 192 205 213 225 234 245 255 265 276 285 297 305 318 325 339 345 365 385 
46 61
4 6 8 25 26 27 40 41 42 43 44 45 47 48 49 50 51 52 53 54 55 56 57 58 59 65 66 67 84 86 88 103 106 109 122 126 130 141 146 151 160 166 172 186 193 206 214 226 235 246 256 266 277 286 298 306 319 326 346 366 386 
47 61
5 7 9 26 27 28 40 41 42 43 44 45 46 48 49 50 51 52 53 54 55 56 57 58 59 66 67 68 85 87 89 104 107 110 123 127 131 142 147 152 161 167 173 180 187 194 207 215 227 236 247 257 267 278 287 299 307 327 347 367 387 
48 61
6 8 10 27 28 29 40 41 42 43 44 45 46 47 49 50 51 52 53 54 55 56 57 58 59 67 68 69 86 88 90 105 108 111 124 128 132 143 148 153 162 168 174 181 188 195 200 208 216 228 237 248 258 268 279 288 308 328 348 368 388 
49 61
7 9 11 28 29 30 40 41 42 43 44 45 46 47 48 50 51 52 53 54 55 56 57 58 59 68 69 70 87 89 91 106 109 112 125 129 133 144 149 154 163 169 175 182 189 196 201 209 217 220 229 238 249 259 269 289 309 329 349 369 389 
50 61
8 10 12 29 30 31 40 41 42 43 44 45 46 47 48 49 51 52 53 54 55 56 57 58 59 69 70 71 88 90 92 107 110 113 126 130 134 145 150 155 164 170 176 183 190 197 202 210 218 221 230 239 240 250 270 290 310 330 350 370 390 
51 61
9 11 13 30 31 32 40 41 42 43 44 45 46 47 48 49 50 52 53 54 55 56 57 58 59 70 71 72 89 91 93 108 111 114 127 131 135 146 151 156 165 171 177 184 191 198 203 211 219 222 231 241 251 260 271 291 311 331 351 371 391 
52 61
10 12 14 31 32 33 40 41 42 43 44 45 46 47 48 49 50 51 53 54 55 56 57 58 59 71 72 73 90 92 94 109 112 115 128 132 136 147 152 157 166 172 178 185 192 199 204 212 223 232 242 252 261 272 280 292 312 332 352 372 392 
53 61
11 13 15 32 33 34 40 41 42 43 44 45 46 47 48 49 50 51 52 54 55 56 57 58 59 72 73 74 91 93 95 110 113 116 129 133 137 148 153 158 167 173 179 186 193 205 213 224 233 243 253 262 273 281 293 300 313 333 353 373 393 
54 61
12 14 16 33 34 35 40 41 42 43 44 45 46 47 48 49 50 51 52 53 55 56 57 58 59 73 74 75 92 94 96 111 114 117 130 134 138 149 154 159 168 174 187 194 206 214 225 234 244 254 263 274 282 294 301 314 320 334 354 374 394 
55 61
13 15 17 34 35 36 40 41 42 43 44 45 46 47 48 49 50 51 52 53 54 56 57 58 59 74 75 76 93 95 97 112 115 118 131 135 139 150 155 169 175 188 195 207 215 226 235 245 255 264 275 283 295 302 315 321 335 340 355 375 395 
56 61
14 16 18 35 36 37 40 41 42 43 44 45 46 47 48 49 50 51 52 53 54 55 57 58 59 75 76 77 94 96 98 113 116 119 132 136 151 156 170 176 189 196 208 216 227 236 246 256 265 276 284 296 303 316 322 336 341 356 360 376 396 
57 61
15 17 19 36 37 38 40 41 42 43 44 45 46 47 48 49 50 51 52 53 54 55 56 58 59 76 77 78 95 97 99 114 117 133 137 152 157 171 177 190 197 209 217 228 237 247 257 266 277 285 297 304 317 323 337 342 357 361 377 380 397 
58 59
16 18 37 38 39 40 41 42 43 44 45 46 47 48 49 50 51 52 53 54 55 56 57 59 77 78 79 96 98 115 118 134 138 153 158 172 178 191 198 210 218 229 238 248 258 267 278 286 298 305 318 324 338 343 358 362 378 381 398 
59 57
17 19 38 39 40 41 42 43 44 45 46 47 48 49 50 51 52 53 54 55 56 57 58 78 79 97 99 116 119 135 139 154 159 173 179 192 199 211 219 230 239 249 259 268 279 287 299 306 319 325 339 344 359 363 379 382 399 
60 57
0 3 20 22 40 41 61 62 63 64 65 66 67 68 69 70 71 72 73 74 75 76 77 78 79 80 81 100 102 120 123 140 144 160 165 180 186 200 207 220 228 240 249 260 270 280 291 300 312 320 333 340 354 360 375 380 396 
61 59
1 4 21 23 40 41 42 60 62 63 64 65 66 67 68 69 70 71 72 73 74 75 76 77 78 79 80 81 82 101 103 121 124 141 145 161 166 181 187 201 208 221 229 241 250 261 271 281 292 301 313 321 334 341 355 361 376 381 397 
62 61
2 5 20 22 24 41 42 43 60 61 63 64 65 66 67 68 69 70 71 72 73 74 75 76 77 78 79 81 82 83 100 102 104 122 125 142 146 162 167 182 188 202 209 222 230 242 251 262 272 282 293 302 314 322 335 342 356 362 377 382 398 
63 63
0 3 6 21 23 25 42 43 44 60 61 62 64 65 66 67 68 69 70 71 72 73 74 75 76 77 78 79 82 83 84 101 103 105 120 123 126 143 147 163 168 183 189 203 210 223 231 243 252 263 273 283 294 303 315 323 336 343 357 363 378 383 399 
64 63
1 4 7 22 24 26 43 44 45 60 61 62 63 65 66 67 68 69 70 71 72 73 74 75 76 77 78 79 83 84 85 102 104 106 121 124 127 140 144 148 164 169 184 190 204 211 224 232 244 253 264 274 284 295 304 316 324 337 344 358 364 379 384 
65 63
2 5 8 23 25 27 44 45 46 60 61 62 63 64 66 67 68 69 70 71 72 73 74 75 76 77 78 79 84 85 86 103 105 107 122 125 128 141 145 149 160 165 170 185 191 205 212 225 233 245 254 265 275 285 296 305 317 325 338 345 359 365 385 
66 63
3 6 9 24 26 28 45 46 47 60 61 62 63 64 65 67 68 69 70 71 72 73 74 75 76 77 78 79 85 86 87 104 106 108 123 126 129 142 146 150 161 166 171 180 186 192 206 213 226 234 246 255 266 276 286 297 306 318 326 339 346 366 386 
67 63
4 7 10 25 27 29 46 47 48 60 61 62 63 64 65 66 68 69 70 71 72 73 74 75 76 77 78 79 86 87 88 105 107 109 124 127 130 143 147 151 162 167 172 181 187 193 200 207 214 227 235 247 256 267 277 287 298 307 319 327 347 367 387 
68 63
5 8 11 26 28 30 47 48 49 60 61 62 63 64 65 66 67 69 70 71 72 73 74 75 76 77 78 79 87 88 89 106 108 110 125 128 131 144 148 152 163 168 173 182 188 194 201 208 215 220 228 236 248 257 268 278 288 299 308 328 348 368 388 
69 63
6 9 12 27 29 31 48 49 50 60 61 62 63 64 65 66 67 68 70 71 72 73 74 75 76 77 78 79 88 89 90 107 109 111 126 129 132 145 149 153 164 169 174 183 189 195 202 209 216 221 229 237 240 249 258 269 279 289 309 329 349 369 389 
70 63
7 10 13 28 30 32 49 50 51 60 61 62 63 64 65 66 67 68 69 71 72 73 74 75 76 77 78 79 89 90 91 108 110 112 127 130 133 146 150 154 165 170 175 184 190 196 203 210 217 222 230 238 241 250 259 260 270 290 310 330 350 370 390 
71 63
8 11 14 29 31 33 50 51 52 60 61 62 63 64 65 66 67 68 69 70 72 73 74 75 76 77 78 79 90 91 92 109 111 113 128 131 134 147 151 155 166 171 176 185 191 197 204 211 218 223 231 239 242 251 261 271 280 291 311 331 351 371 391 
72 63
9 12 15 30 32 34 51 52 53 60 61 62 63 64 65 66 67 68 69 70 71 73 74 75 76 77 78 79 91 92 93 110 112 114 129 132 135 148 152 156 167 172 177 186 192 198 205 212 219 224 232 243 252 262 272 281 292 300 312 332 352 372 392 
73 63
10 13 16 31 33 35 52 53 54 60 61 62 63 64 65 66 67 68 69 70 71 72 74 75 76 77 78 79 92 93 94 111 113 115 130 133 136 149 153 157 168 173 178 187 193 199 206 213 225 233 244 253 263 273 282 293 301 313 320 333 353 373 393 
74 63
11 14 17 32 34 36 53 54 55 60 61 62 63 64 65 66 67 68 69 70 71 72 73 75 76 77 78 79 93 94 95 112 114 116 131 134 137 150 154 158 169 174 179 188 194 207 214 226 234 245 254 264 274 283 294 302 314 321 334 340 354 374 394 
75 63
12 15 18 33 35 37 54 55 56 60 61 62 63 64 65 66 67 68 69 70 71 72 73 74 76 77 78 79 94 95 96 113 115 117 132 135 138 151 155 159 170 175 189 195 208 215 227 235 246 255 265 275 284 295 303 315 322 335 341 355 360 375 395 
76 63
13 16 19 34 36 38 55 56 57 60 61 62 63 64 65 66 67 68 69 70 71 72 73 74 75 77 78 79 95 96 97 114 116 118 133 136 139 152 156 171 176 190 196 209 216 228 236 247 256 266 276 285 296 304 316 323 336 342 356 361 376 380 396 
77 61
14 17 35 37 39 56 57 58 60 61 62 63 64 65 66 67 68 69 70 71 72 73 74 75 76 78 79 96 97 98 115 117 119 134 137 153 157 172 177 191 197 210 217 229 237 248 257 267 277 286 297 305 317 324 337 343 357 362 377 381 397 
78 59
15 18 36 38 57 58 59 60 61 62 63 64 65 66 67 68 69 70 71 72 73 74 75 76 77 79 97 98 99 116 118 135 138 154 158 173 178 192 198 211 218 230 238 249 258 268 278 287 298 306 318 325 338 344 358 363 378 382 398 
79 57
16 19 37 39 58 59 60 61 62 63 64 65 66 67 68 69 70 71 72 73 74 75 76 77 78 98 99 117 119 136 139 155 159 174 179 193 199 212 219 231 239 250 259 269 279 288 299 307 319 326 339 345 359 364 379 383 399 
80 57
0 4 20 23 40 42 60 61 81 82 83 84 85 86 87 88 89 90 91 92 93 94 95 96 97 98 99 100 101 120 122 140 143 160 164 180 185 200 206 220 227 240 248 260 269 280 290 300 311 320 332 340 353 360 374 380 395 
81 59
1 5 21 24 41 43 60 61 62 80 82 83 84 85 86 87 88 89 90 91 92 93 94 95 96 97 98 99 100 101 102 121 123 141 144 161 165 181 186 201 207 221 228 241 249 261 270 281 291 301 312 321 333 341 354 361 375 381 396 
82 61
2 6 22 25 40 42 44 61 62 63 80 81 83 84 85 86 87 88 89 90 91 92 93 94 95 96 97 98 99 101 102 103 120 122 124 142 145 162 166 182 187 202 208 222 229 242 250 262 271 282 292 302 313 322 334 342 355 362 376 382 397 
83 63
3 7 20 23 26 41 43 45 62 63 64 80 81 82 84 85 86 87 88 89 90 91 92 93 94 95 96 97 98 99 102 103 104 121 123 125 140 143 146 163 167 183 188 203 209 223 230 243 251 263 272 283 293 303 314 323 335 343 356 363 377 383 398 
84 65
0 4 8 21 24 27 42 44 46 63 64 65 80 81 82 83 85 86 87 88 89 90 91 92 93 94 95 96 97 98 99 103 104 105 122 124 126 141 144 147 160 164 168 184 189 204 210 224 231 244 252 264 273 284 294 304 315 324 336 344 357 364 378 384 399 
85 65
1 5 9 22 25 28 43 45 47 64 65 66 80 81 82 83 84 86 87 88 89 90 91 92 93 94 95 96 97 98 99 104 105 106 123 125 127 142 145 148 161 165 169 180 185 190 205 211 225 232 245 253 265 274 285 295 305 316 325 337 345 358 365 379 385 
86 65
2 6 10 23 26 29 44 46 48 65 66 67 80 81 82 83 84 85 87 88 89 90 91 92 93 94 95 96 97 98 99 105 106 107 124 126 128 143 146 149 162 166 170 181 186 191 200 206 212 226 233 246 254 266 275 286 296 306 317 326 338 346 359 366 386 
87 65
3 7 11 24 27 30 45 47 49 66 67 68 80 81 82 83 84 85 86 88 89 90 91 92 93 94 95 96 97 98 99 106 107 108 125 127 129 144 147 150 163 167 171 182 187 192 201 207 213 220 227 234 247 255 267 276 287 297 307 318 327 339 347 367 387 
88 65
4 8 12 25 28 31 46 48 50 67 68 69 80 81 82 83 84 85 86 87 89 90 91 92 93 94 95 96 97 98 99 107 108 109 126 128 130 145 148 151 164 168 172 183 188 193 202 208 214 221 228 235 240 248 256 268 277 288 298 308 319 328 348 368 388 
89 65
5 9 13 26 29 32 47 49 51 68 69 70 80 81 82 83 84 85 86 87 88 90 91 92 93 94 95 96 97 98 99 108 109 110 127 129 131 146 149 152 165 169 173 184 189 194 203 209 215 222 229 236 241 249 257 260 269 278 289 299 309 329 349 369 389 
90 65
6 10 14 27 30 33 48 50 52 69 70 71 80 81 82 83 84 85 86 87 88 89 91 92 93 94 95 96 97 98 99 109 110 111 128 130 132 147 150 153 166 170 174 185 190 195 204 210 216 223 230 237 242 250 258 261 270 279 280 290 310 330 350 370 390 
91 65
7 11 15 28 31 34 49 51 53 70 71 72 80 81 82 83 84 85 86 87 88 89 90 92 93 94 95 96 97 98 99 110 111 112 129 131 133 148 151 154 167 171 175 186 191 196 205 211 217 224 231 238 243 251 259 262 271 281 291 300 311 331 351 371 391 
92 65
8 12 16 29 32 35 50 52 54 71 72 73 80 81 82 83 84 85 86 87 88 89 90 91 93 94 95 96 97 98 99 111 112 113 130 132 134 149 152 155 168 172 176 187 192 197 206 212 218 225 232 239 244 252 263 272 282 292 301 312 320 332 352 372 392 
93 65
9 13 17 30 33 36 51 53 55 72 73 74 80 81 82 83 84 85 86 87 88 89 90 91 92 94 95 96 97 98 99 112 113 114 131 133 135 150 153 156 169 173 177 188 193 198 207 213 219 226 233 245 253 264 273 283 293 302 313 321 333 340 353 373 393 
94 65
10 14 18 31 34 37 52 54 56 73 74 75 80 81 82 83 84 85 86 87 88 89 90 91 92 93 95 96 97 98 99 113 114 115 132 134 136 151 154 157 170 174 178 189 194 199 208 214 227 234 246 254 265 274 284 294 303 314 322 334 341 354 360 374 394 
95 65
11 15 19 32 35 38 53 55 57 74 75 76 80 81 82 83 84 85 86 87 88 89 90 91 92 93 94 96 97 98 99 114 115 116 133 135 137 152 155 158 171 175 179 190 195 209 215 228 235 247 255 266 275 285 295 304 315 323 335 342 355 361 375 380 395 
96 63
12 16 33 36 39 54 56 58 75 76 77 80 81 82 83 84 85 86 87 88 89 90 91 92 93 94 95 97 98 99 115 116 117 134 136 138 153 156 159 172 176 191 196 210 216 229 236 248 256 267 276 286 296 305 316 324 336 343 356 362 376 381 396 
97 61
13 17 34 37 55 57 59 76 77 78 80 81 82 83 84 85 86 87 88 89 90 91 92 93 94 95 96 98 99 116 117 118 135 137 139 154 157 173 177 192 197 211 217 230 237 249 257 268 277 287 297 306 317 325 337 344 357 363 377 382 397 
98 59
14 18 35 38 56 58 77 78 79 80 81 82 83 84 85 86 87 88 89 90 91 92 93 94 95 96 97 99 117 118 119 136 138 155 158 174 178 193 198 212 218 231 238 250 258 269 278 288 298 307 318 326 338 345 358 364 378 383 398 
99 57
15 19 36 39 57 59 78 79 80 81 82 83 84 85 86 87 88 89 90 91 92 93 94 95 96 97 98 118 119 137 139 156 159 175 179 194 199 213 219 232 239 251 259 270 279 289 299 308 319 327 339 346 359 365 379 384 399 
100 57
0 5 20 24 40 43 60 62 80 81 101 102 103 104 105 106 107 108 109 110 111 112 113 114 115 116 117 118 119 120 121 140 142 160 163 180 184 200 205 220 226 240 247 260 268 280 289 300 310 320 331 340 352 360 373 380 394 
101 59
1 6 21 25 41 44 61 63 80 81 82 100 102 103 104 105 106 107 108 109 110 111 112 113 114 115 116 117 118 119 120 121 122 141 143 161 164 181 185 201 206 221 227 241 248 261 269 281 290 301 311 321 332 341 353 361 374 381 395 
102 61
2 7 22 26 42 45 60 62 64 81 82 83 100 101 103 104 105 106 107 108 109 110 111 112 113 114 115 116 117 118 119 121 122 123 140 142 144 162 165 182 186 202 207 222 228 242 249 262 270 282 291 302 312 322 333 342 354 362 375 382 396 
103 63
3 8 23 27 40 43 46 61 63 65 82 83 84 100 101 102 104 105 106 107 108 109 110 111 112 113 114 115 116 117 118 119 122 123 124 141 143 145 160 163 166 183 187 203 208 223 229 243 250 263 271 283 292 303 313 323 334 343 355 363 376 383 397 
104 65
4 9 20 24 28 41 44 47 62 64 66 83 84 85 100 101 102 103 105 106 107 108 109 110 111 112 113 114 115 116 117 118 119 123 124 125 142 144 146 161 164 167 180 184 188 204 209 224 230 244 251 264 272 284 293 304 314 324 335 344 356 364 377 384 398 
105 67
0 5 10 21 25 29 42 45 48 63 65 67 84 85 86 100 101 102 103 104 106 107 108 109 110 111 112 113 114 115 116 117 118 119 124 125 126 143 145 147 162 165 168 181 185 189 200 205 210 225 231 245 252 265 273 285 294 305 315 325 336 345 357 365 378 385 399 
106 67
1 6 11 22 26 30 43 46 49 64 66 68 85 86 87 100 101 102 103 104 105 107 108 109 110 111 112 113 114 115 116 117 118 119 125 126 127 144 146 148 163 166 169 182 186 190 201 206 211 220 226 232 246 253 266 274 286 295 306 316 326 337 346 358 366 379 386 
107 67
2 7 12 23 27 31 44 47 50 65 67 69 86 87 88 100 101 102 103 104 105 106 108 109 110 111 112 113 114 115 116 117 118 119 126 127 128 145 147 149 164 167 170 183 187 191 202 207 212 221 227 233 240 247 254 267 275 287 296 307 317 327 338 347 359 367 387 
108 67
3 8 13 24 28 32 45 48 51 66 68 70 87 88 89 100 101 102 103 104 105 106 107 109 110 111 112 113 114 115 116 117 118 119 127 128 129 146 148 150 165 168 171 184 188 192 203 208 213 222 228 234 241 248 255 260 268 276 288 297 308 318 328 339 348 368 388 
109 67
4 9 14 25 29 33 46 49 52 67 69 71 88 89 90 100 101 102 103 104 105 106 107 108 110 111 112 113 114 115 116 117 118 119 128 129 130 147 149 151 166 169 172 185 189 193 204 209 214 223 229 235 242 249 256 261 269 277 280 289 298 309 319 329 349 369 389 
110 67
5 10 15 26 30 34 47 50 53 68 70 72 89 90 91 100 101 102 103 104 105 106 107 108 109 111 112 113 114 115 116 117 118 119 129 130 131 148 150 152 167 170 173 186 190 194 205 210 215 224 230 236 243 250 257 262 270 278 281 290 299 300 310 330 350 370 390 
111 67
6 11 16 27 31 35 48 51 54 69 71 73 90 91 92 100 101 102 103 104 105 106 107 108 109 110 112 113 114 115 116 117 118 119 130 131 132 149 151 153 168 171 174 187 191 195 206 211 216 225 231 237 244 251 258 263 271 279 282 291 301 311 320 331 351 371 391 
112 67
7 12 17 28 32 36 49 52 55 70 72 74 91 92 93 100 101 102 103 104 105 106 107 108 109 110 111 113 114 115 116 117 118 119 131 132 133 150 152 154 169 172 175 188 192 196 207 212 217 226 232 238 245 252 259 264 272 283 292 302 312 321 332 340 352 372 392 
113 67
8 13 18 29 33 37 50 53 56 71 73 75 92 93 94 100 101 102 103 104 105 106 107 108 109 110 111 112 114 115 116 117 118 119 132 133 134 151 153 155 170 173 176 189 193 197 208 213 218 227 233 239 246 253 265 273 284 293 303 313 322 333 341 353 360 373 393 
114 67
9 14 19 30 34 38 51 54 57 72 74 76 93 94 95 100 101 102 103 104 105 106 107 108 109 110 111 112 113 115 116 117 118 119 133 134 135 152 154 156 171 174 177 190 194 198 209 214 219 228 234 247 254 266 274 285 294 304 314 323 334 342 354 361 374 380 394 
115 65
10 15 31 35 39 52 55 58 73 75 77 94 95 96 100 101 102 103 104 105 106 107 108 109 110 111 112 113 114 116 117 118 119 134 135 136 153 155 157 172 175 178 191 195 199 210 215 229 235 248 255 267 275 286 295 305 315 324 335 343 355 362 375 381 395 
116 63
11 16 32 36 53 56 59 74 76 78 95 96 97 100 101 102 103 104 105 106 107 108 109 110 111 112 113 114 115 117 118 119 135 136 137 154 156 158 173 176 179 192 196 211 216 230 236 249 256 268 276 287 296 306 316 325 336 344 356 363 376 382 396 
117 61
12 17 33 37 54 57 75 77 79 96 97 98 100 101 102 103 104 105 106 107 108 109 110 111 112 113 114 115 116 118 119 136 137 138 155 157 159 174 177 193 197 212 217 231 237 250 257 269 277 288 297 307 317 326 337 345 357 364 377 383 397 
118 59
13 18 34 38 55 58 76 78 97 98 99 100 101 102 103 104 105 106 107 108 109 110 111 112 113 114 115 116 117 119 137 138 139 156 158 175 178 194 198 213 218 232 238 251 258 270 278 289 298 308 318 327 338 346 358 365 378 384 398 
119 57
14 19 35 39 56 59 77 79 98 99 100 101 102 103 104 105 106 107 108 109 110 111 112 113 114 115 116 117 118 138 139 157 159 176 179 195 199 214 219 233 239 252 259 271 279 290 299 309 319 328 339 347 359 366 379 385 399 
120 57
0 6 20 25 40 44 60 63 80 82 100 101 121 122 123 124 125 126 127 128 129 130 131 132 133 134 135 136 137 138 139 140 141 160 162 180 183 200 204 220 225 240 246 260 267 280 288 300 309 320 330 340 351 360 372 380 393 
121 59
1 7 21 26 41 45 61 64 81 83 100 101 102 120 122 123 124 125 126 127 128 129 130 131 132 133 134 135 136 137 138 139 140 141 142 161 163 181 184 201 205 221 226 241 247 261 268 281 289 301 310 321 331 341 352 361 373 381 394 
122 61
2 8 22 27 42 46 62 65 80 82 84 101 102 103 120 121 123 124 125 126 127 128 129 130 131 132 133 134 135 136 137 138 139 141 142 143 160 162 164 182 185 202 206 222 227 242 248 262 269 282 290 302 311 322 332 342 353 362 374 382 395 
123 63
3 9 23 28 43 47 60 63 66 81 83 85 102 103 104 120 121 122 124 125 126 127 128 129 130 131 132 133 134 135 136 137 138 139 142 143 144 161 163 165 180 183 186 203 207 223 228 243 249 263 270 283 291 303 312 323 333 343 354 363 375 383 396 
124 65
4 10 24 29 40 44 48 61 64 67 82 84 86 103 104 105 120 121 122 123 125 126 127 128 129 130 131 132 133 134 135 136 137 138 139 143 144 145 162 164 166 181 184 187 200 204 208 224 229 244 250 264 271 284 292 304 313 324 334 344 355 364 376 384 397 
125 67
5 11 20 25 30 41 45 49 62 65 68 83 85 87 104 105 106 120 121 122 123 124 126 127 128 129 130 131 132 133 134 135 136 137 138 139 144 145 146 163 165 167 182 185 188 201 205 209 220 225 230 245 251 265 272 285 293 305 314 325 335 345 356 365 377 385 398 
126 69
0 6 12 21 26 31 42 46 50 63 66 69 84 86 88 105 106 107 120 121 122 123 124 125 127 128 129 130 131 132 133 134 135 136 137 138 139 145 146 147 164 166 168 183 186 189 202 206 210 221 226 231 240 246 252 266 273 286 294 306 315 326 336 346 357 366 378 386 399 
127 69
1 7 13 22 27 32 43 47 51 64 67 70 85 87 89 106 107 108 120 121 122 123 124 125 126 128 129 130 131 132 133 134 135 136 137 138 139 146 147 148 165 167 169 184 187 190 203 207 211 222 227 232 241 247 253 260 267 274 287 295 307 316 327 337 347 358 367 379 387 
128 69
2 8 14 23 28 33 44 48 52 65 68 71 86 88 90 107 108 109 120 121 122 123 124 125 126 127 129 130 131 132 133 134 135 136 137 138 139 147 148 149 166 168 170 185 188 191 204 208 212 223 228 233 242 248 254 261 268 275 280 288 296 308 317 328 338 348 359 368 388 
129 69
3 9 15 24 29 34 45 49 53 66 69 72 87 89 91 108 109 110 120 121 122 123 124 125 126 127 128 130 131 132 133 134 135 136 137 138 139 148 149 150 167 169 171 186 189 192 205 209 213 224 229 234 243 249 255 262 269 276 281 289 297 300 309 318 329 339 349 369 389 
130 69
4 10 16 25 30 35 46 50 54 67 70 73 88 90 92 109 110 111 120 121 122 123 124 125 126 127 128 129 131 132 133 134 135 136 137 138 139 149 150 151 168 170 172 187 190 193 206 210 214 225 230 235 244 250 256 263 270 277 282 290 298 301 310 319 320 330 350 370 390 
131 69
5 11 17 26 31 36 47 51 55 68 71 74 89 91 93 110 111 112 120 121 122 123 124 125 126 127 128 129 130 132 133 134 135 136 137 138 139 150 151 152 169 171 173 188 191 194 207 211 215 226 231 236 245 251 257 264 271 278 283 291 299 302 311 321 331 340 351 371 391 
132 69
6 12 18 27 32 37 48 52 56 69 72 75 90 92 94 111 112 113 120 121 122 123 124 125 126 127 128 129 130 131 133 134 135 136 137 138 139 151 152 153 170 172 174 189 192 195 208 212 216 227 232 237 246 252 258 265 272 279 284 292 303 312 322 332 341 352 360 372 392 
133 69
7 13 19 28 33 38 49 53 57 70 73 76 91 93 95 112 113 114 120 121 122 123 124 125 126 127 128 129 130 131 132 134 135 136 137 138 139 152 153 154 171 173 175 190 193 196 209 213 217 228 233 238 247 253 259 266 273 285 293 304 313 323 333 342 353 361 373 380 393 
134 67
8 14 29 34 39 50 54 58 71 74 77 92 94 96 113 114 115 120 121 122 123 124 125 126 127 128 129 130 131 132 133 135 136 137 138 139 153 154 155 172 174 176 191 194 197 210 214 218 229 234 239 248 254 267 274 286 294 305 314 324 334 343 354 362 374 381 394 
135 65
9 15 30 35 51 55 59 72 75 78 93 95 97 114 115 116 120 121 122 123 124 125 126 127 128 129 130 131 132 133 134 136 137 138 139 154 155 156 173 175 177 192 195 198 211 215 219 230 235 249 255 268 275 287 295 306 315 325 335 344 355 363 375 382 395 
136 63
10 16 31 36 52 56 73 76 79 94 96 98 115 116 117 120 121 122 123 124 125 126 127 128 129 130 131 132 133 134 135 137 138 139 155 156 157 174 176 178 193 196 199 212 216 231 236 250 256 269 276 288 296 307 316 326 336 345 356 364 376 383 396 
137 61
11 17 32 37 53 57 74 77 95 97 99 116 117 118 120 121 122 123 124 125 126 127 128 129 130 131 132 133 134 135 136 138 139 156 157 158 175 177 179 194 197 213 217 232 237 251 257 270 277 289 297 308 317 327 337 346 357 365 377 384 397 
138 59
12 18 33 38 54 58 75 78 96 98 117 118 119 120 121 122 123 124 125 126 127 128 129 130 131 132 133 134 135 136 137 139 157 158 159 176 178 195 198 214 218 233 238 252 258 271 278 290 298 309 318 328 338 347 358 366 378 385 398 
139 57
13 19 34 39 55 59 76 79 97 99 118 119 120 121 122 123 124 125 126 127 128 129 130 131 132 133 134 135 136 137 138 158 159 177 179 196 199 215 219 234 239 253 259 272 279 291 299 310 319 329 339 348 359 367 379 386 399 
140 57
0 7 20 26 40 45 60 64 80 83 100 102 120 121 141 142 143 144 145 146 147 148 149 150 151 152 153 154 155 156 157 158 159 160 161 180 182 200 203 220 224 240 245 260 266 280 287 300 308 320 329 340 350 360 371 380 392 
141 59
1 8 21 27 41 46 61 65 81 84 101 103 120 121 122 140 142 143 144 145 146 147 148 149 150 151 152 153 154 155 156 157 158 159 160 161 162 181 183 201 204 221 225 241 246 261 267 281 288 301 309 321 330 341 351 361 372 381 393 
142 61
2 9 22 28 42 47 62 66 82 85 100 102 104 121 122 123 140 141 143 144 145 146 147 148 149 150 151 152 153 154 155 156 157 158 159 161 162 163 180 182 184 202 205 222 226 242 247 262 268 282 289 302 310 322 331 342 352 362 373 382 394 
143 63
3 10 23 29 43 48 63 67 80 83 86 101 103 105 122 123 124 140 141 142 144 145 146 147 148 149 150 151 152 153 154 155 156 157 158 159 162 163 164 181 183 185 200 203 206 223 227 243 248 263 269 283 290 303 311 323 332 343 353 363 374 383 395 
144 65
4 11 24 30 44 49 60 64 68 81 84 87 102 104 106 123 124 125 140 141 142 143 145 146 147 148 149 150 151 152 153 154 155 156 157 158 159 163 164 165 182 184 186 201 204 207 220 224 228 244 249 264 270 284 291 304 312 324 333 344 354 364 375 384 396 
145 67
5 12 25 31 40 45 50 61 65 69 82 85 88 103 105 107 124 125 126 140 141 142 143 144 146 147 148 149 150 151 152 153 154 155 156 157 158 159 164 165 166 183 185 187 202 205 208 221 225 229 240 245 250 265 271 285 292 305 313 325 334 345 355 365 376 385 397 
146 69
6 13 20 26 32 41 46 51 62 66 70 83 86 89 104 106 108 125 126 127 140 141 142 143 144 145 147 148 149 150 151 152 153 154 155 156 157 158 159 165 166 167 184 186 188 203 206 209 222 226 230 241 246 251 260 266 272 286 293 306 314 326 335 346 356 366 377 386 398 
147 71
0 7 14 21 27 33 42 47 52 63 67 71 84 87 90 105 107 109 126 127 128 140 141 142 143 144 145 146 148 149 150 151 152 153 154 155 156 157 158 159 166 167 168 185 187 189 204 207 210 223 227 231 242 247 252 261 267 273 280 287 294 307 315 327 336 347 357 367 378 387 399 
148 71
1 8 15 22 28 34 43 48 53 64 68 72 85 88 91 106 108 110 127 128 129 140 141 142 143 144 145 146 147 149 150 151 152 153 154 155 156 157 158 159 167 168 169 186 188 190 205 208 211 224 228 232 243 248 253 262 268 274 281 288 295 300 308 316 328 337 348 358 368 379 388 
149 71
2 9 16 23 29 35 44 49 54 65 69 73 86 89 92 107 109 111 128 129 130 140 141 142 143 144 145 146 147 148 150 151 152 153 154 155 156 157 158 159 168 169 170 187 189 191 206 209 212 225 229 233 244 249 254 263 269 275 282 289 296 301 309 317 320 329 338 349 359 369 389 
150 71
3 10 17 24 30 36 45 50 55 66 70 74 87 90 93 108 110 112 129 130 131 140 141 142 143 144 145 146 147 148 149 151 152 153 154 155 156 157 158 159 169 170 171 188 190 192 207 210 213 226 230 234 245 250 255 264 270 276 283 290 297 302 310 318 321 330 339 340 350 370 390 
151 71
4 11 18 25 31 37 46 51 56 67 71 75 88 91 94 109 111 113 130 131 132 140 141 142 143 144 145 146 147 148 149 150 152 153 154 155 156 157 158 159 170 171 172 189 191 193 208 211 214 227 231 235 246 251 256 265 271 277 284 291 298 303 311 319 322 331 341 351 360 371 391 
152 71
5 12 19 26 32 38 47 52 57 68 72 76 89 92 95 110 112 114 131 132 133 140 141 142 143 144 145 146 147 148 149 150 151 153 154 155 156 157 158 159 171 172 173 190 192 194 209 212 215 228 232 236 247 252 257 266 272 278 285 292 299 304 312 323 332 342 352 361 372 380 392 
153 69
6 13 27 33 39 48 53 58 69 73 77 90 93 96 111 113 115 132 133 134 140 141 142 143 144 145 146 147 148 149 150 151 152 154 155 156 157 158 159 172 173 174 191 193 195 210 213 216 229 233 237 248 253 258 267 273 279 286 293 305 313 324 333 343 353 362 373 381 393 
154 67
7 14 28 34 49 54 59 70 74 78 91 94 97 112 114 116 133 134 135 140 141 142 143 144 145 146 147 148 149 150 151 152 153 155 156 157 158 159 173 174 175 192 194 196 211 214 217 230 234 238 249 254 259 268 274 287 294 306 314 325 334 344 354 363 374 382 394 
155 65
8 15 29 35 50 55 71 75 79 92 95 98 113 115 117 134 135 136 140 141 142 143 144 145 146 147 148 149 150 151 152 153 154 156 157 158 159 174 175 176 193 195 197 212 215 218 231 235 239 250 255 269 275 288 295 307 315 326 335 345 355 364 375 383 395 
156 63
9 16 30 36 51 56 72 76 93 96 99 114 116 118 135 136 137 140 141 142 143 144 145 146 147 148 149 150 151 152 153 154 155 157 158 159 175 176 177 194 196 198 213 216 219 232 236 251 256 270 276 289 296 308 316 327 336 346 356 365 376 384 396 
157 61
10 17 31 37 52 57 73 77 94 97 115 117 119 136 137 138 140 141 142 143 144 145 146 147 148 149 150 151 152 153 154 155 156 158 159 176 177 178 195 197 199 214 217 233 237 252 257 271 277 290 297 309 317 328 337 347 357 366 377 385 397 
158 59
11 18 32 38 53 58 74 78 95 98 116 118 137 138 139 140 141 142 143 144 145 146 147 148 149 150 151 152 153 154 155 156 157 159 177 178 179 196 198 215 218 234 238 253 258 272 278 291 298 310 318 329 338 348 358 367 378 386 398 
159 57
12 19 33 39 54 59 75 79 96 99 117 119 138 139 140 141 142 143 144 145 146 147 148 149 150 151 152 153 154 155 156 157 158 178 179 197 199 216 219 235 239 254 259 273 279 292 299 311 319 330 339 349 359 368 379 387 399 
160 57
0 8 20 27 40 46 60 65 80 84 100 103 120 122 140 141 161 162 163 164 165 166 167 168 169 170 171 172 173 174 175 176 177 178 179 180 181 200 202 220 223 240 244 260 265 280 286 300 307 320 328 340 349 360 370 380 391 
161 59
1 9 21 28 41 47 61 66 81 85 101 104 121 123 140 141 142 160 162 163 164 165 166 167 168 169 170 171 172 173 174 175 176 177 178 179 180 181 182 201 203 221 224 241 245 261 266 281 287 301 308 321 329 341 350 361 371 381 392 
162 61
2 10 22 29 42 48 62 67 82 86 102 105 120 122 124 141 142 143 160 161 163 164 165 166 167 168 169 170 171 172 173 174 175 176 177 178 179 181 182 183 200 202 204 222 225 242 246 262 267 282 288 302 309 322 330 342 351 362 372 382 393 
163 63
3 11 23 30 43 49 63 68 83 87 100 103 106 121 123 125 142 143 144 160 161 162 164 165 166 167 168 169 170 171 172 173 174 175 176 177 178 179 182 183 184 201 203 205 220 223 226 243 247 263 268 283 289 303 310 323 331 343 352 363 373 383 394 
164 65
4 12 24 31 44 50 64 69 80 84 88 101 104 107 122 124 126 143 144 145 160 161 162 163 165 166 167 168 169 170 171 172 173 174 175 176 177 178 179 183 184 185 202 204 206 221 224 227 240 244 248 264 269 284 290 304 311 324 332 344 353 364 374 384 395 
165 67
5 13 25 32 45 51 60 65 70 81 85 89 102 105 108 123 125 127 144 145 146 160 161 162 163 164 166 167 168 169 170 171 172 173 174 175 176 177 178 179 184 185 186 203 205 207 222 225 228 241 245 249 260 265 270 285 291 305 312 325 333 345 354 365 375 385 396 
166 69
6 14 26 33 40 46 52 61 66 71 82 86 90 103 106 109 124 126 128 145 146 147 160 161 162 163 164 165 167 168 169 170 171 172 173 174 175 176 177 178 179 185 186 187 204 206 208 223 226 229 242 246 250 261 266 271 280 286 292 306 313 326 334 346 355 366 376 386 397 
167 71
7 15 20 27 34 41 47 53 62 67 72 83 87 91 104 107 110 125 127 129 146 147 148 160 161 162 163 164 165 166 168 169 170 171 172 173 174 175 176 177 178 179 186 187 188 205 207 209 224 227 230 243 247 251 262 267 272 281 287 293 300 307 314 327 335 347 356 367 377 387 398 
168 73
0 8 16 21 28 35 42 48 54 63 68 73 84 88 92 105 108 111 126 128 130 147 148 149 160 161 162 163 164 165 166 167 169 170 171 172 173 174 175 176 177 178 179 187 188 189 206 208 210 225 228 231 244 248 252 263 268 273 282 288 294 301 308 315 320 328 336 348 357 368 378 388 399 
169 73
1 9 17 22 29 36 43 49 55 64 69 74 85 89 93 106 109 112 127 129 131 148 149 150 160 161 162 163 164 165 166 167 168 170 171 172 173 174 175 176 177 178 179 188 189 190 207 209 211 226 229 232 245 249 253 264 269 274 283 289 295 302 309 316 321 329 337 340 349 358 369 379 389 
170 73
2 10 18 23 30 37 44 50 56 65 70 75 86 90 94 107 110 113 128 130 132 149 150 151 160 161 162 163 164 165 166 167 168 169 171 172 173 174 175 176 177 178 179 189 190 191 208 210 212 227 230 233 246 250 254 265 270 275 284 290 296 303 310 317 322 330 338 341 350 359 360 370 390 
171 73
3 11 19 24 31 38 45 51 57 66 71 76 87 91 95 108 111 114 129 131 133 150 151 152 160 161 162 163 164 165 166 167 168 169 170 172 173 174 175 176 177 178 179 190 191 192 209 211 213 228 231 234 247 251 255 266 271 276 285 291 297 304 311 318 323 331 339 342 351 361 371 380 391 
172 71
4 12 25 32 39 46 52 58 67 72 77 88 92 96 109 112 115 130 132 134 151 152 153 160 161 162 163 164 165 166 167 168 169 170 171 173 174 175 176 177 178 179 191 192 193 210 212 214 229 232 235 248 252 256 267 272 277 286 292 298 305 312 319 324 332 343 352 362 372 381 392 
173 69
5 13 26 33 47 53 59 68 73 78 89 93 97 110 113 116 131 133 135 152 153 154 160 161 162 163 164 165 166 167 168 169 170 171 172 174 175 176 177 178 179 192 193 194 211 213 215 230 233 236 249 253 257 268 273 278 287 293 299 306 313 325 333 344 353 363 373 382 393 
174 67
6 14 27 34 48 54 69 74 79 90 94 98 111 114 117 132 134 136 153 154 155 160 161 162 163 164 165 166 167 168 169 170 171 172 173 175 176 177 178 179 193 194 195 212 214 216 231 234 237 250 254 258 269 274 279 288 294 307 314 326 334 345 354 364 374 383 394 
175 65
7 15 28 35 49 55 70 75 91 95 99 112 115 118 133 135 137 154 155 156 160 161 162 163 164 165 166 167 168 169 170 171 172 173 174 176 177 178 179 194 195 196 213 215 217 232 235 238 251 255 259 270 275 289 295 308 315 327 335 346 355 365 375 384 395 
176 63
8 16 29 36 50 56 71 76 92 96 113 116 119 134 136 138 155 156 157 160 161 162 163 164 165 166 167 168 169 170 171 172 173 174 175 177 178 179 195 196 197 214 216 218 233 236 239 252 256 271 276 290 296 309 316 328 336 347 356 366 376 385 396 
177 61
9 17 30 37 51 57 72 77 93 97 114 117 135 137 139 156 157 158 160 161 162 163 164 165 166 167 168 169 170 171 172 173 174 175 176 178 179 196 197 198 215 217 219 234 237 253 257 272 277 291 297 310 317 329 337 348 357 367 377 386 397 
178 59
10 18 31 38 52 58 73 78 94 98 115 118 136 138 157 158 159 160 161 162 163 164 165 166 167 168 169 170 171 172 173 174 175 176 177 179 197 198 199 216 218 235 238 254 258 273 278 292 298 311 318 330 338 349 358 368 378 387 398 
179 57
11 19 32 39 53 59 74 79 95 99 116 119 137 139 158 159 160 161 162 163 164 165 166 167 168 169 170 171 172 173 174 175 176 177 178 198 199 217 219 236 239 255 259 274 279 293 299 312 319 331 339 350 359 369 379 388 399 
180 57
0 9 20 28 40 47 60 66 80 85 100 104 120 123 140 142 160 161 181 182 183 184 185 186 187 188 189 190 191 192 193 194 195 196 197 198 199 200 201 220 222 240 243 260 264 280 285 300 306 320 327 340 348 360 369 380 390 
181 59
1 10 21 29 41 48 61 67 81 86 101 105 121 124 141 143 160 161 162 180 182 183 184 185 186 187 188 189 190 191 192 193 194 195 196 197 198 199 200 201 202 221 223 241 244 261 265 281 286 301 307 321 328 341 349 361 370 381 391 
182 61
2 11 22 30 42 49 62 68 82 87 102 106 122 125 140 142 144 161 162 163 180 181 183 184 185 186 187 188 189 190 191 192 193 194 195 196 197 198 199 201 202 203 220 222 224 242 245 262 266 282 287 302 308 322 329 342 350 362 371 382 392 
183 63
3 12 23 31 43 50 63 69 83 88 103 107 120 123 126 141 143 145 162 163 164 180 181 182 184 185 186 187 188 189 190 191 192 193 194 195 196 197 198 199 202 203 204 221 223 225 240 243 246 263 267 283 288 303 309 323 330 343 351 363 372 383 393 
184 65
4 13 24 32 44 51 64 70 84 89 100 104 108 121 124 127 142 144 146 163 164 165 180 181 182 183 185 186 187 188 189 190 191 192 193 194 195 196 197 198 199 203 204 205 222 224 226 241 244 247 260 264 268 284 289 304 310 324 331 344 352 364 373 384 394 
185 67
5 14 25 33 45 52 65 71 80 85 90 101 105 109 122 125 128 143 145 147 164 165 166 180 181 182 183 184 186 187 188 189 190 191 192 193 194 195 196 197 198 199 204 205 206 223 225 227 242 245 248 261 265 269 280 285 290 305 311 325 332 345 353 365 374 385 395 
186 69
6 15 26 34 46 53 60 66 72 81 86 91 102 106 110 123 126 129 144 146 148 165 166 167 180 181 182 183 184 185 187 188 189 190 191 192 193 194 195 196 197 198 199 205 206 207 224 226 228 243 246 249 262 266 270 281 286 291 300 306 312 326 333 346 354 366 375 386 396 
187 71
7 16 27 35 40 47 54 61 67 73 82 87 92 103 107 111 124 127 130 145 147 149 166 167 168 180 181 182 183 184 185 186 188 189 190 191 192 193 194 195 196 197 198 199 206 207 208 225 227 229 244 247 250 263 267 271 282 287 292 301 307 313 320 327 334 347 355 367 376 387 397 
188 73
8 17 20 28 36 41 48 55 62 68 74 83 88 93 104 108 112 125 128 131 146 148 150 167 168 169 180 181 182 183 184 185 186 187 189 190 191 192 193 194 195 196 197 198 199 207 208 209 226 228 230 245 248 251 264 268 272 283 288 293 302 308 314 321 328 335 340 348 356 368 377 388 398 
189 75
0 9 18 21 29 37 42 49 56 63 69 75 84 89 94 105 109 113 126 129 132 147 149 151 168 169 170 180 181 182 183 184 185 186 187 188 190 191 192 193 194 195 196 197 198 199 208 209 210 227 229 231 246 249 252 265 269 273 284 289 294 303 309 315 322 329 336 341 349 357 360 369 378 389 399 
190 75
1 10 19 22 30 38 43 50 57 64 70 76 85 90 95 106 110 114 127 130 133 148 150 152 169 170 171 180 181 182 183 184 185 186 187 188 189 191 192 193 194 195 196 197 198 199 209 210 211 228 230 232 247 250 253 266 270 274 285 290 295 304 310 316 323 330 337 342 350 358 361 370 379 380 390 
191 73
2 11 23 31 39 44 51 58 65 71 77 86 91 96 107 111 115 128 131 134 149 151 153 170 171 172 180 181 182 183 184 185 186 187 188 189 190 192 193 194 195 196 197 198 199 210 211 212 229 231 233 248 251 254 267 271 275 286 291 296 305 311 317 324 331 338 343 351 359 362 371 381 391 
192 71
3 12 24 32 45 52 59 66 72 78 87 92 97 108 112 116 129 132 135 150 152 154 171 172 173 180 181 182 183 184 185 186 187 188 189 190 191 193 194 195 196 197 198 199 211 212 213 230 232 234 249 252 255 268 272 276 287 292 297 306 312 318 325 332 339 344 352 363 372 382 392 
193 69
4 13 25 33 46 53 67 73 79 88 93 98 109 113 117 130 133 136 151 153 155 172 173 174 180 181 182 183 184 185 186 187 188 189 190 191 192 194 195 196 197 198 199 212 213 214 231 233 235 250 253 256 269 273 277 288 293 298 307 313 319 326 333 345 353 364 373 383 393 
194 67
5 14 26 34 47 54 68 74 89 94 99 110 114 118 131 134 137 152 154 156 173 174 175 180 181 182 183 184 185 186 187 188 189 190 191 192 193 195 196 197 198 199 213 214 215 232 234 236 251 254 257 270 274 278 289 294 299 308 314 327 334 346 354 365 374 384 394 
195 65
6 15 27 35 48 55 69 75 90 95 111 115 119 132 135 138 153 155 157 174 175 176 180 181 182 183 184 185 186 187 188 189 190 191 192 193 194 196 197 198 199 214 215 216 233 235 237 252 255 258 271 275 279 290 295 309 315 328 335 347 355 366 375 385 395 
196 63
7 16 28 36 49 56 70 76 91 96 112 116 133 136 139 154 156 158 175 176 177 180 181 182 183 184 185 186 187 188 189 190 191 192 193 194 195 197 198 199 215 216 217 234 236 238 253 256 259 272 276 291 296 310 316 329 336 348 356 367 376 386 396 
197 61
8 17 29 37 50 57 71 77 92 97 113 117 134 137 155 157 159 176 177 178 180 181 182 183 184 185 186 187 188 189 190 191 192 193 194 195 196 198 199 216 217 218 235 237 239 254 257 273 277 292 297 311 317 330 337 349 357 368 377 387 397 
198 59
9 18 30 38 51 58 72 78 93 98 114 118 135 138 156 158 177 178 179 180 181 182 183 184 185 186 187 188 189 190 191 192 193 194 195 196 197 199 217 218 219 236 238 255 258 274 278 293 298 312 318 331 338 350 358 369 378 388 398 
199 57
10 19 31 39 52 59 73 79 94 99 115 119 136 139 157 159 178 179 180 181 182 183 184 185 186 187 188 189 190 191 192 193 194 195 196 197 198 218 219 237 239 256 259 275 279 294 299 313 319 332 339 351 359 370 379 389 399 
200 57
0 10 20 29 40 48 60 67 80 86 100 105 120 124 140 143 160 162 180 181 201 202 203 204 205 206 207 208 209 210 211 212 213 214 215 216 217 218 219 220 221 240 242 260 263 280 284 300 305 320 326 340 347 360 368 380 389 
201 59
1 11 21 30 41 49 61 68 81 87 101 106 121 125 141 144 161 163 180 181 182 200 202 203 204 205 206 207 208 209 210 211 212 213 214 215 216 217 218 219 220 221 222 241 243 261 264 281 285 301 306 321 327 341 348 361 369 381 390 
202 61
2 12 22 31 42 50 62 69 82 88 102 107 122 126 142 145 160 162 164 181 182 183 200 201 203 204 205 206 207 208 209 210 211 212 213 214 215 216 217 218 219 221 222 223 240 242 244 262 265 282 286 302 307 322 328 342 349 362 370 382 391 
203 63
3 13 23 32 43 51 63 70 83 89 103 108 123 127 140 143 146 161 163 165 182 183 184 200 201 202 204 205 206 207 208 209 210 211 212 213 214 215 216 217 218 219 222 223 224 241 243 245 260 263 266 283 287 303 308 323 329 343 350 363 371 383 392 
204 65
4 14 24 33 44 52 64 71 84 90 104 109 120 124 128 141 144 147 162 164 166 183 184 185 200 201 202 203 205 206 207 208 209 210 211 212 213 214 215 216 217 218 219 223 224 225 242 244 246 261 264 267 280 284 288 304 309 324 330 344 351 364 372 384 393 
205 67
5 15 25 34 45 53 65 72 85 91 100 105 110 121 125 129 142 145 148 163 165 167 184 185 186 200 201 202 203 204 206 207 208 209 210 211 212 213 214 215 216 217 218 219 224 225 226 243 245 247 262 265 268 281 285 289 300 305 310 325 331 345 352 365 373 385 394 
206 69
6 16 26 35 46 54 66 73 80 86 92 101 106 111 122 126 130 143 146 149 164 166 168 185 186 187 200 201 202 203 204 205 207 208 209 210 211 212 213 214 215 216 217 218 219 225 226 227 244 246 248 263 266 269 282 286 290 301 306 311 320 326 332 346 353 366 374 386 395 
207 71
7 17 27 36 47 55 60 67 74 81 87 93 102 107 112 123 127 131 144 147 150 165 167 169 186 187 188 200 201 202 203 204 205 206 208 209 210 211 212 213 214 215 216 217 218 219 226 227 228 245 247 249 264 267 270 283 287 291 302 307 312 321 327 333 340 347 354 367 375 387 396 
208 73
8 18 28 37 40 48 56 61 68 75 82 88 94 103 108 113 124 128 132 145 148 151 166 168 170 187 188 189 200 201 202 203 204 205 206 207 209 210 211 212 213 214 215 216 217 218 219 227 228 229 246 248 250 265 268 271 284 288 292 303 308 313 322 328 334 341 348 355 360 368 376 388 397 
209 75
9 19 20 29 38 41 49 57 62 69 76 83 89 95 104 109 114 125 129 133 146 149 152 167 169 171 188 189 190 200 201 202 203 204 205 206 207 208 210 211 212 213 214 215 216 217 218 219 228 229 230 247 249 251 266 269 272 285 289 293 304 309 314 323 329 335 342 349 356 361 369 377 380 389 398 
210 75
0 10 21 30 39 42 50 58 63 70 77 84 90 96 105 110 115 126 130 134 147 150 153 168 170 172 189 190 191 200 201 202 203 204 205 206 207 208 209 211 212 213 214 215 216 217 218 219 229 230 231 248 250 252 267 270 273 286 290 294 305 310 315 324 330 336 343 350 357 362 370 378 381 390 399 
211 73
1 11 22 31 43 51 59 64 71 78 85 91 97 106 111 116 127 131 135 148 151 154 169 171 173 190 191 192 200 201 202 203 204 205 206 207 208 209 210 212 213 214 215 216 217 218 219 230 231 232 249 251 253 268 271 274 287 291 295 306 311 316 325 331 337 344 351 358 363 371 379 382 391 
212 71
2 12 23 32 44 52 65 72 79 86 92 98 107 112 117 128 132 136 149 152 155 170 172 174 191 192 193 200 201 202 203 204 205 206 207 208 209 210 211 213 214 215 216 217 218 219 231 232 233 250 252 254 269 272 275 288 292 296 307 312 317 326 332 338 345 352 359 364 372 383 392 
213 69
3 13 24 33 45 53 66 73 87 93 99 108 113 118 129 133 137 150 153 156 171 173 175 192 193 194 200 201 202 203 204 205 206 207 208 209 210 211 212 214 215 216 217 218 219 232 233 234 251 253 255 270 273 276 289 293 297 308 313 318 327 333 339 346 353 365 373 384 393 
214 67
4 14 25 34 46 54 67 74 88 94 109 114 119 130 134 138 151 154 157 172 174 176 193 194 195 200 201 202 203 204 205 206 207 208 209 210 211 212 213 215 216 217 218 219 233 234 235 252 254 256 271 274 277 290 294 298 309 314 319 328 334 347 354 366 374 385 394 
215 65
5 15 26 35 47 55 68 75 89 95 110 115 131 135 139 152 155 158 173 175 177 194 195 196 200 201 202 203 204 205 206 207 208 209 210 211 212 213 214 216 217 218 219 234 235 236 253 255 257 272 275 278 291 295 299 310 315 329 335 348 355 367 375 386 395 
216 63
6 16 27 36 48 56 69 76 90 96 111 116 132 136 153 156 159 174 176 178 195 196 197 200 201 202 203 204 205 206 207 208 209 210 211 212 213 214 215 217 218 219 235 236 237 254 256 258 273 276 279 292 296 311 316 330 336 349 356 368 376 387 396 
217 61
7 17 28 37 49 57 70 77 91 97 112 117 133 137 154 157 175 177 179 196 197 198 200 201 202 203 204 205 206 207 208 209 210 211 212 213 214 215 216 218 219 236 237 238 255 257 259 274 277 293 297 312 317 331 337 350 357 369 377 388 397 
218 59
8 18 29 38 50 58 71 78 92 98 113 118 134 138 155 158 176 178 197 198 199 200 201 202 203 204 205 206 207 208 209 210 211 212 213 214 215 216 217 219 237 238 239 256 258 275 278 294 298 313 318 332 338 351 358 370 378 389 398 
219 57
9 19 30 39 51 59 72 79 93 99 114 119 135 139 156 159 177 179 198 199 200 201 202 203 204 205 206 207 208 209 210 211 212 213 214 215 216 217 218 238 239 257 259 276 279 295 299 314 319 333 339 352 359 371 379 390 399 
220 57
0 11 20 30 40 49 60 68 80 87 100 106 120 125 140 144 160 163 180 182 200 201 221 222 223 224 225 226 227 228 229 230 231 232 233 234 235 236 237 238 239 240 241 260 262 280 283 300 304 320 325 340 346 360 367 380 388 
221 59
1 12 21 31 41 50 61 69 81 88 101 107 121 126 141 145 161 164 181 183 200 201 202 220 222 223 224 225 226 227 228 229 230 231 232 233 234 235 236 237 238 239 240 241 242 261 263 281 284 301 305 321 326 341 347 361 368 381 389 
222 61
2 13 22 32 42 51 62 70 82 89 102 108 122 127 142 146 162 165 180 182 184 201 202 203 220 221 223 224 225 226 227 228 229 230 231 232 233 234 235 236 237 238 239 241 242 243 260 262 264 282 285 302 306 322 327 342 348 362 369 382 390 
223 63
3 14 23 33 43 52 63 71 83 90 103 109 123 128 143 147 160 163 166 181 183 185 202 203 204 220 221 222 224 225 226 227 228 229 230 231 232 233 234 235 236 237 238 239 242 243 244 261 263 265 280 283 286 303 307 323 328 343 349 363 370 383 391 
224 65
4 15 24 34 44 53 64 72 84 91 104 110 124 129 140 144 148 161 164 167 182 184 186 203 204 205 220 221 222 223 225 226 227 228 229 230 231 232 233 234 235 236 237 238 239 243 244 245 262 264 266 281 284 287 300 304 308 324 329 344 350 364 371 384 392 
225 67
5 16 25 35 45 54 65 73 85 92 105 111 120 125 130 141 145 149 162 165 168 183 185 187 204 205 206 220 221 222 223 224 226 227 228 229 230 231 232 233 234 235 236 237 238 239 244 245 246 263 265 267 282 285 288 301 305 309 320 325 330 345 351 365 372 385 393 
226 69
6 17 26 36 46 55 66 74 86 93 100 106 112 121 126 131 142 146 150 163 166 169 184 186 188 205 206 207 220 221 222 223 224 225 227 228 229 230 231 232 233 234 235 236 237 238 239 245 246 247 264 266 268 283 286 289 302 306 310 321 326 331 340 346 352 366 373 386 394 
227 71
7 18 27 37 47 56 67 75 80 87 94 101 107 113 122 127 132 143 147 151 164 167 170 185 187 189 206 207 208 220 221 222 223 224 225 226 228 229 230 231 232 233 234 235 236 237 238 239 246 247 248 265 267 269 284 287 290 303 307 311 322 327 332 341 347 353 360 367 374 387 395 
228 73
8 19 28 38 48 57 60 68 76 81 88 95 102 108 114 123 128 133 144 148 152 165 168 171 186 188 190 207 208 209 220 221 222 223 224 225 226 227 229 230 231 232 233 234 235 236 237 238 239 247 248 249 266 268 270 285 288 291 304 308 312 323 328 333 342 348 354 361 368 375 380 388 396 
229 73
9 29 39 40 49 58 61 69 77 82 89 96 103 109 115 124 129 134 145 149 153 166 169 172 187 189 191 208 209 210 220 221 222 223 224 225 226 227 228 230 231 232 233 234 235 236 237 238 239 248 249 250 267 269 271 286 289 292 305 309 313 324 329 334 343 349 355 362 369 376 381 389 397 
230 73
10 20 30 41 50 59 62 70 78 83 90 97 104 110 116 125 130 135 146 150 154 167 170 173 188 190 192 209 210 211 220 221 222 223 224 225 226 227 228 229 231 232 233 234 235 236 237 238 239 249 250 251 268 270 272 287 290 293 306 310 314 325 330 335 344 350 356 363 370 377 382 390 398 
231 73
0 11 21 31 42 51 63 71 79 84 91 98 105 111 117 126 131 136 147 151 155 168 171 174 189 191 193 210 211 212 220 221 222 223 224 225 226 227 228 229 230 232 233 234 235 236 237 238 239 250 251 252 269 271 273 288 291 294 307 311 315 326 331 336 345 351 357 364 371 378 383 391 399 
232 71
1 12 22 32 43 52 64 72 85 92 99 106 112 118 127 132 137 148 152 156 169 172 175 190 192 194 211 212 213 220 221 222 223 224 225 226 227 228 229 230 231 233 234 235 236 237 238 239 251 252 253 270 272 274 289 292 295 308 312 316 327 332 337 346 352 358 365 372 379 384 392 
233 69
2 13 23 33 44 53 65 73 86 93 107 113 119 128 133 138 149 153 157 170 173 176 191 193 195 212 213 214 220 221 222 223 224 225 226 227 228 229 230 231 232 234 235 236 237 238 239 252 253 254 271 273 275 290 293 296 309 313 317 328 333 338 347 353 359 366 373 385 393 
234 67
3 14 24 34 45 54 66 74 87 94 108 114 129 134 139 150 154 158 171 174 177 192 194 196 213 214 215 220 221 222 223 224 225 226 227 228 229 230 231 232 233 235 236 237 238 239 253 254 255 272 274 276 291 294 297 310 314 318 329 334 339 348 354 367 374 386 394 
235 65
4 15 25 35 46 55 67 75 88 95 109 115 130 135 151 155 159 172 175 178 193 195 197 214 215 216 220 221 222 223 224 225 226 227 228 229 230 231 232 233 234 236 237 238 239 254 255 256 273 275 277 292 295 298 311 315 319 330 335 349 355 368 375 387 395 
236 63
5 16 26 36 47 56 68 76 89 96 110 116 131 136 152 156 173 176 179 194 196 198 215 216 217 220 221 222 223 224 225 226 227 228 229 230 231 232 233 234 235 237 238 239 255 256 257 274 276 278 293 296 299 312 316 331 336 350 356 369 376 388 396 
237 61
6 17 27 37 48 57 69 77 90 97 111 117 132 137 153 157 174 177 195 197 199 216 217 218 220 221 222 223 224 225 226 227 228 229 230 231 232 233 234 235 236 238 239 256 257 258 275 277 279 294 297 313 317 332 337 351 357 370 377 389 397 
238 59
7 18 28 38 49 58 70 78 91 98 112 118 133 138 154 158 175 178 196 198 217 218 219 220 221 222 223 224 225 226 227 228 229 230 231 232 233 234 235 236 237 239 257 258 259 276 278 295 298 314 318 333 338 352 358 371 378 390 398 
239 57
8 19 29 39 50 59 71 79 92 99 113 119 134 139 155 159 176 179 197 199 218 219 220 221 222 223 224 225 226 227 228 229 230 231 232 233 234 235 236 237 238 258 259 277 279 296 299 315 319 334 339 353 359 372 379 391 399 
240 57
0 12 20 31 40 50 60 69 80 88 100 107 120 126 140 145 160 164 180 183 200 202 220 221 241 242 243 244 245 246 247 248 249 250 251 252 253 254 255 256 257 258 259 260 261 280 282 300 303 320 324 340 345 360 366 380 387 
241 59
1 13 21 32 41 51 61 70 81 89 101 108 121 127 141 146 161 165 181 184 201 203 220 221 222 240 242 243 244 245 246 247 248 249 250 251 252 253 254 255 256 257 258 259 260 261 262 281 283 301 304 321 325 341 346 361 367 381 388 
242 61
2 14 22 33 42 52 62 71 82 90 102 109 122 128 142 147 162 166 182 185 200 202 204 221 222 223 240 241 243 244 245 246 247 248 249 250 251 252 253 254 255 256 257 258 259 261 262 263 280 282 284 302 305 322 326 342 347 362 368 382 389 
243 63
3 15 23 34 43 53 63 72 83 91 103 110 123 129 143 148 163 167 180 183 186 201 203 205 222 223 224 240 241 242 244 245 246 247 248 249 250 251 252 253 254 255 256 257 258 259 262 263 264 281 283 285 300 303 306 323 327 343 348 363 369 383 390 
244 65
4 16 24 35 44 54 64 73 84 92 104 111 124 130 144 149 160 164 168 181 184 187 202 204 206 223 224 225 240 241 242 243 245 246 247 248 249 250 251 252 253 254 255 256 257 258 259 263 264 265 282 284 286 301 304 307 320 324 328 344 349 364 370 384 391 
245 67
5 17 25 36 45 55 65 74 85 93 105 112 125 131 140 145 150 161 165 169 182 185 188 203 205 207 224 225 226 240 241 242 243 244 246 247 248 249 250 251 252 253 254 255 256 257 258 259 264 265 266 283 285 287 302 305 308 321 325 329 340 345 350 365 371 385 392 
246 69
6 18 26 37 46 56 66 75 86 94 106 113 120 126 132 141 146 151 162 166 170 183 186 189 204 206 208 225 226 227 240 241 242 243 244 245 247 248 249 250 251 252 253 254 255 256 257 258 259 265 266 267 284 286 288 303 306 309 322 326 330 341 346 351 360 366 372 386 393 
247 71
7 19 27 38 47 57 67 76 87 95 100 107 114 121 127 133 142 147 152 163 167 171 184 187 190 205 207 209 226 227 228 240 241 242 243 244 245 246 248 249 250 251 252 253 254 255 256 257 258 259 266 267 268 285 287 289 304 307 310 323 327 331 342 347 352 361 367 373 380 387 394 
248 71
8 28 39 48 58 68 77 80 88 96 101 108 115 122 128 134 143 148 153 164 168 172 185 188 191 206 208 210 227 228 229 240 241 242 243 244 245 246 247 249 250 251 252 253 254 255 256 257 258 259 267 268 269 286 288 290 305 308 311 324 328 332 343 348 353 362 368 374 381 388 395 
249 71
9 29 49 59 60 69 78 81 89 97 102 109 116 123 129 135 144 149 154 165 169 173 186 189 192 207 209 211 228 229 230 240 241 242 243 244 245 246 247 248 250 251 252 253 254 255 256 257 258 259 268 269 270 287 289 291 306 309 312 325 329 333 344 349 354 363 369 375 382 389 396 
250 71
10 30 40 50 61 70 79 82 90 98 103 110 117 124 130 136 145 150 155 166 170 174 187 190 193 208 210 212 229 230 231 240 241 242 243 244 245 246 247 248 249 251 252 253 254 255 256 257 258 259 269 270 271 288 290 292 307 310 313 326 330 334 345 350 355 364 370 376 383 390 397 
251 71
11 20 31 41 51 62 71 83 91 99 104 111 118 125 131 137 146 151 156 167 171 175 188 191 194 209 211 213 230 231 232 240 241 242 243 244 245 246 247 248 249 250 252 253 254 255 256 257 258 259 270 271 272 289 291 293 308 311 314 327 331 335 346 351 356 365 371 377 384 391 398 
252 71
0 12 21 32 42 52 63 72 84 92 105 112 119 126 132 138 147 152 157 168 172 176 189 192 195 210 212 214 231 232 233 240 241 242 243 244 245 246 247 248 249 250 251 253 254 255 256 257 258 259 271 272 273 290 292 294 309 312 315 328 332 336 347 352 357 366 372 378 385 392 399 
253 69
1 13 22 33 43 53 64 73 85 93 106 113 127 133 139 148 153 158 169 173 177 190 193 196 211 213 215 232 233 234 240 241 242 243 244 245 246 247 248 249 250 251 252 254 255 256 257 258 259 272 273 274 291 293 295 310 313 316 329 333 337 348 353 358 367 373 379 386 393 
254 67
2 14 23 34 44 54 65 74 86 94 107 114 128 134 149 154 159 170 174 178 191 194 197 212 214 216 233 234 235 240 241 242 243 244 245 246 247 248 249 250 251 252 253 255 256 257 258 259 273 274 275 292 294 296 311 314 317 330 334 338 349 354 359 368 374 387 394 
255 65
3 15 24 35 45 55 66 75 87 95 108 115 129 135 150 155 171 175 179 192 195 198 213 215 217 234 235 236 240 241 242 243 244 245 246 247 248 249 250 251 252 253 254 256 257 258 259 274 275 276 293 295 297 312 315 318 331 335 339 350 355 369 375 388 395 
256 63
4 16 25 36 46 56 67 76 88 96 109 116 130 136 151 156 172 176 193 196 199 214 216 218 235 236 237 240 241 242 243 244 245 246 247 248 249 250 251 252 253 254 255 257 258 259 275 276 277 294 296 298 313 316 319 332 336 351 356 370 376 389 396 
257 61
5 17 26 37 47 57 68 77 89 97 110 117 131 137 152 157 173 177 194 197 215 217 219 236 237 238 240 241 242 243 244 245 246 247 248 249 250 251 252 253 254 255 256 258 259 276 277 278 295 297 299 314 317 333 337 352 357 371 377 390 397 
258 59
6 18 27 38 48 58 69 78 90 98 111 118 132 138 153 158 174 178 195 198 216 218 237 238 239 240 241 242 243 244 245 246 247 248 249 250 251 252 253 254 255 256 257 259 277 278 279 296 298 315 318 334 338 353 358 372 378 391 398 
259 57
7 19 28 39 49 59 70 79 91 99 112 119 133 139 154 159 175 179 196 199 217 219 238 239 240 241 242 243 244 245 246 247 248 249 250 251 252 253 254 255 256 257 258 278 279 297 299 316 319 335 339 354 359 373 379 392 399 
260 57
0 13 20 32 40 51 60 70 80 89 100 108 120 127 140 146 160 165 180 184 200 203 220 222 240 241 261 262 263 264 265 266 267 268 269 270 271 272 273 274 275 276 277 278 279 280 281 300 302 320 323 340 344 360 365 380 386 
261 59
1 14 21 33 41 52 61 71 81 90 101 109 121 128 141 147 161 166 181 185 201 204 221 223 240 241 242 260 262 263 264 265 266 267 268 269 270 271 272 273 274 275 276 277 278 279 280 281 282 301 303 321 324 341 345 361 366 381 387 
262 61
2 15 22 34 42 53 62 72 82 91 102 110 122 129 142 148 162 167 182 186 202 205 220 222 224 241 242 243 260 261 263 264 265 266 267 268 269 270 271 272 273 274 275 276 277 278 279 281 282 283 300 302 304 322 325 342 346 362 367 382 388 
263 63
3 16 23 35 43 54 63 73 83 92 103 111 123 130 143 149 163 168 183 187 200 203 206 221 223 225 242 243 244 260 261 262 264 265 266 267 268 269 270 271 272 273 274 275 276 277 278 279 282 283 284 301 303 305 320 323 326 343 347 363 368 383 389 
264 65
4 17 24 36 44 55 64 74 84 93 104 112 124 131 144 150 164 169 180 184 188 201 204 207 222 224 226 243 244 245 260 261 262 263 265 266 267 268 269 270 271 272 273 274 275 276 277 278 279 283 284 285 302 304 306 321 324 327 340 344 348 364 369 384 390 
265 67
5 18 25 37 45 56 65 75 85 94 105 113 125 132 145 151 160 165 170 181 185 189 202 205 208 223 225 227 244 245 246 260 261 262 263 264 266 267 268 269 270 271 272 273 274 275 276 277 278 279 284 285 286 303 305 307 322 325 328 341 345 349 360 365 370 385 391 
266 69
6 19 26 38 46 57 66 76 86 95 106 114 126 133 140 146 152 161 166 171 182 186 190 203 206 209 224 226 228 245 246 247 260 261 262 263 264 265 267 268 269 270 271 272 273 274 275 276 277 278 279 285 286 287 304 306 308 323 326 329 342 346 350 361 366 371 380 386 392 
267 69
7 27 39 47 58 67 77 87 96 107 115 120 127 134 141 147 153 162 167 172 183 187 191 204 207 210 225 227 229 246 247 248 260 261 262 263 264 265 266 268 269 270 271 272 273 274 275 276 277 278 279 286 287 288 305 307 309 324 327 330 343 347 351 362 367 372 381 387 393 
268 69
8 28 48 59 68 78 88 97 100 108 116 121 128 135 142 148 154 163 168 173 184 188 192 205 208 211 226 228 230 247 248 249 260 261 262 263 264 265 266 267 269 270 271 272 273 274 275 276 277 278 279 287 288 289 306 308 310 325 328 331 344 348 352 363 368 373 382 388 394 
269 69
9 29 49 69 79 80 89 98 101 109 117 122 129 136 143 149 155 164 169 174 185 189 193 206 209 212 227 229 231 248 249 250 260 261 262 263 264 265 266 267 268 270 271 272 273 274 275 276 277 278 279 288 289 290 307 309 311 326 329 332 345 349 353 364 369 374 383 389 395 
270 69
10 30 50 60 70 81 90 99 102 110 118 123 130 137 144 150 156 165 170 175 186 190 194 207 210 213 228 230 232 249 250 251 260 261 262 263 264 265 266 267 268 269 271 272 273 274 275 276 277 278 279 289 290 291 308 310 312 327 330 333 346 350 354 365 370 375 384 390 396 
271 69
11 31 40 51 61 71 82 91 103 111 119 124 131 138 145 151 157 166 171 176 187 191 195 208 211 214 229 231 233 250 251 252 260 261 262 263 264 265 266 267 268 269 270 272 273 274 275 276 277 278 279 290 291 292 309 311 313 328 331 334 347 351 355 366 371 376 385 391 397 
272 69
12 20 32 41 52 62 72 83 92 104 112 125 132 139 146 152 158 167 172 177 188 192 196 209 212 215 230 232 234 251 252 253 260 261 262 263 264 265 266 267 268 269 270 271 273 274 275 276 277 278 279 291 292 293 310 312 314 329 332 335 348 352 356 367 372 377 386 392 398 
273 69
0 13 21 33 42 53 63 73 84 93 105 113 126 133 147 153 159 168 173 178 189 193 197 210 213 216 231 233 235 252 253 254 260 261 262 263 264 265 266 267 268 269 270 271 272 274 275 276 277 278 279 292 293 294 311 313 315 330 333 336 349 353 357 368 373 378 387 393 399 
274 67
1 14 22 34 43 54 64 74 85 94 106 114 127 134 148 154 169 174 179 190 194 198 211 214 217 232 234 236 253 254 255 260 261 262 263 264 265 266 267 268 269 270 271 272 273 275 276 277 278 279 293 294 295 312 314 316 331 334 337 350 354 358 369 374 379 388 394 
275 65
2 15 23 35 44 55 65 75 86 95 107 115 128 135 149 155 170 175 191 195 199 212 215 218 233 235 237 254 255 256 260 261 262 263 264 265 266 267 268 269 270 271 272 273 274 276 277 278 279 294 295 296 313 315 317 332 335 338 351 355 359 370 375 389 395 
276 63
3 16 24 36 45 56 66 76 87 96 108 116 129 136 150 156 171 176 192 196 213 216 219 234 236 238 255 256 257 260 261 262 263 264 265 266 267 268 269 270 271 272 273 274 275 277 278 279 295 296 297 314 316 318 333 336 339 352 356 371 376 390 396 
277 61
4 17 25 37 46 57 67 77 88 97 109 117 130 137 151 157 172 177 193 197 214 217 235 237 239 256 257 258 260 261 262 263 264 265 266 267 268 269 270 271 272 273 274 275 276 278 279 296 297 298 315 317 319 334 337 353 357 372 377 391 397 
278 59
5 18 26 38 47 58 68 78 89 98 110 118 131 138 152 158 173 178 194 198 215 218 236 238 257 258 259 260 261 262 263 264 265 266 267 268 269 270 271 272 273 274 275 276 277 279 297 298 299 316 318 335 338 354 358 373 378 392 398 
279 57
6 19 27 39 48 59 69 79 90 99 111 119 132 139 153 159 174 179 195 199 216 219 237 239 258 259 260 261 262 263 264 265 266 267 268 269 270 271 272 273 274 275 276 277 278 298 299 317 319 336 339 355 359 374 379 393 399 
280 57
0 14 20 33 40 52 60 71 80 90 100 109 120 128 140 147 160 166 180 185 200 204 220 223 240 242 260 261 281 282 283 284 285 286 287 288 289 290 291 292 293 294 295 296 297 298 299 300 301 320 322 340 343 360 364 380 385 
281 59
1 15 21 34 41 53 61 72 81 91 101 110 121 129 141 148 161 167 181 186 201 205 221 224 241 243 260 261 262 280 282 283 284 285 286 287 288 289 290 291 292 293 294 295 296 297 298 299 300 301 302 321 323 341 344 361 365 381 386 
282 61
2 16 22 35 42 54 62 73 82 92 102 111 122 130 142 149 162 168 182 187 202 206 222 225 240 242 244 261 262 263 280 281 283 284 285 286 287 288 289 290 291 292 293 294 295 296 297 298 299 301 302 303 320 322 324 342 345 362 366 382 387 
283 63
3 17 23 36 43 55 63 74 83 93 103 112 123 131 143 150 163 169 183 188 203 207 220 223 226 241 243 245 262 263 264 280 281 282 284 285 286 287 288 289 290 291 292 293 294 295 296 297 298 299 302 303 304 321 323 325 340 343 346 363 367 383 388 
284 65
4 18 24 37 44 56 64 75 84 94 104 113 124 132 144 151 164 170 184 189 200 204 208 221 224 227 242 244 246 263 264 265 280 281 282 283 285 286 287 288 289 290 291 292 293 294 295 296 297 298 299 303 304 305 322 324 326 341 344 347 360 364 368 384 389 
285 67
5 19 25 38 45 57 65 76 85 95 105 114 125 133 145 152 165 171 180 185 190 201 205 209 222 225 228 243 245 247 264 265 266 280 281 282 283 284 286 287 288 289 290 291 292 293 294 295 296 297 298 299 304 305 306 323 325 327 342 345 348 361 365 369 380 385 390 
286 67
6 26 39 46 58 66 77 86 96 106 115 126 134 146 153 160 166 172 181 186 191 202 206 210 223 226 229 244 246 248 265 266 267 280 281 282 283 284 285 287 288 289 290 291 292 293 294 295 296 297 298 299 305 306 307 324 326 328 343 346 349 362 366 370 381 386 391 
287 67
7 27 47 59 67 78 87 97 107 116 127 135 140 147 154 161 167 173 182 187 192 203 207 211 224 227 230 245 247 249 266 267 268 280 281 282 283 284 285 286 288 289 290 291 292 293 294 295 296 297 298 299 306 307 308 325 327 329 344 347 350 363 367 371 382 387 392 
288 67
8 28 48 68 79 88 98 108 117 120 128 136 141 148 155 162 168 174 183 188 193 204 208 212 225 228 231 246 248 250 267 268 269 280 281 282 283 284 285 286 287 289 290 291 292 293 294 295 296 297 298 299 307 308 309 326 328 330 345 348 351 364 368 372 383 388 393 
289 67
9 29 49 69 89 99 100 109 118 121 129 137 142 149 156 163 169 175 184 189 194 205 209 213 226 229 232 247 249 251 268 269 270 280 281 282 283 284 285 286 287 288 290 291 292 293 294 295 296 297 298 299 308 309 310 327 329 331 346 349 352 365 369 373 384 389 394 
290 67
10 30 50 70 80 90 101 110 119 122 130 138 143 150 157 164 170 176 185 190 195 206 210 214 227 230 233 248 250 252 269 270 271 280 281 282 283 284 285 286 287 288 289 291 292 293 294 295 296 297 298 299 309 310 311 328 330 332 347 350 353 366 370 374 385 390 395 
291 67
11 31 51 60 71 81 91 102 111 123 131 139 144 151 158 165 171 177 186 191 196 207 211 215 228 231 234 249 251 253 270 271 272 280 281 282 283 284 285 286 287 288 289 290 292 293 294 295 296 297 298 299 310 311 312 329 331 333 348 351 354 367 371 375 386 391 396 
292 67
12 32 40 52 61 72 82 92 103 112 124 132 145 152 159 166 172 178 187 192 197 208 212 216 229 232 235 250 252 254 271 272 273 280 281 282 283 284 285 286 287 288 289 290 291 293 294 295 296 297 298 299 311 312 313 330 332 334 349 352 355 368 372 376 387 392 397 
293 67
13 20 33 41 53 62 73 83 93 104 113 125 133 146 153 167 173 179 188 193 198 209 213 217 230 233 236 251 253 255 272 273 274 280 281 282 283 284 285 286 287 288 289 290 291 292 294 295 296 297 298 299 312 313 314 331 333 335 350 353 356 369 373 377 388 393 398 
294 67
0 14 21 34 42 54 63 74 84 94 105 114 126 134 147 154 168 174 189 194 199 210 214 218 231 234 237 252 254 256 273 274 275 280 281 282 283 284 285 286 287 288 289 290 291 292 293 295 296 297 298 299 313 314 315 332 334 336 351 354 357 370 374 378 389 394 399 
295 65
1 15 22 35 43 55 64 75 85 95 106 115 127 135 148 155 169 175 190 195 211 215 219 232 235 238 253 255 257 274 275 276 280 281 282 283 284 285 286 287 288 289 290 291 292 293 294 296 297 298 299 314 315 316 333 335 337 352 355 358 371 375 379 390 395 
296 63
2 16 23 36 44 56 65 76 86 96 107 116 128 136 149 156 170 176 191 196 212 216 233 236 239 254 256 258 275 276 277 280 281 282 283 284 285 286 287 288 289 290 291 292 293 294 295 297 298 299 315 316 317 334 336 338 353 356 359 372 376 391 396 
297 61
3 17 24 37 45 57 66 77 87 97 108 117 129 137 150 157 171 177 192 197 213 217 234 237 255 257 259 276 277 278 280 281 282 283 284 285 286 287 288 289 290 291 292 293 294 295 296 298 299 316 317 318 335 337 339 354 357 373 377 392 397 
298 59
4 18 25 38 46 58 67 78 88 98 109 118 130 138 151 158 172 178 193 198 214 218 235 238 256 258 277 278 279 280 281 282 283 284 285 286 287 288 289 290 291 292 293 294 295 296 297 299 317 318 319 336 338 355 358 374 378 393 398 
299 57
5 19 26 39 47 59 68 79 89 99 110 119 131 139 152 159 173 179 194 199 215 219 236 239 257 259 278 279 280 281 282 283 284 285 286 287 288 289 290 291 292 293 294 295 296 297 298 318 319 337 339 356 359 375 379 394 399 
300 57
0 15 20 34 40 53 60 72 80 91 100 110 120 129 140 148 160 167 180 186 200 205 220 224 240 243 260 262 280 281 301 302 303 304 305 306 307 308 309 310 311 312 313 314 315 316 317 318 319 320 321 340 342 360 363 380 384 
301 59
1 16 21 35 41 54 61 73 81 92 101 111 121 130 141 149 161 168 181 187 201 206 221 225 241 244 261 263 280 281 282 300 302 303 304 305 306 307 308 309 310 311 312 313 314 315 316 317 318 319 320 321 322 341 343 361 364 381 385 
302 61
2 17 22 36 42 55 62 74 82 93 102 112 122 131 142 150 162 169 182 188 202 207 222 226 242 245 260 262 264 281 282 283 300 301 303 304 305 306 307 308 309 310 311 312 313 314 315 316 317 318 319 321 322 323 340 342 344 362 365 382 386 
303 63
3 18 23 37 43 56 63 75 83 94 103 113 123 132 143 151 163 170 183 189 203 208 223 227 240 243 246 261 263 265 282 283 284 300 301 302 304 305 306 307 308 309 310 311 312 313 314 315 316 317 318 319 322 323 324 341 343 345 360 363 366 383 387 
304 65
4 19 24 38 44 57 64 76 84 95 104 114 124 133 144 152 164 171 184 190 204 209 220 224 228 241 244 247 262 264 266 283 284 285 300 301 302 303 305 306 307 308 309 310 311 312 313 314 315 316 317 318 319 323 324 325 342 344 346 361 364 367 380 384 388 
305 65
5 25 39 45 58 65 77 85 96 105 115 125 134 145 153 165 172 185 191 200 205 210 221 225 229 242 245 248 263 265 267 284 285 286 300 301 302 303 304 306 307 308 309 310 311 312 313 314 315 316 317 318 319 324 325 326 343 345 347 362 365 368 381 385 389 
306 65
6 26 46 59 66 78 86 97 106 116 126 135 146 154 166 173 180 186 192 201 206 211 222 226 230 243 246 249 264 266 268 285 286 287 300 301 302 303 304 305 307 308 309 310 311 312 313 314 315 316 317 318 319 325 326 327 344 346 348 363 366 369 382 386 390 
307 65
7 27 47 67 79 87 98 107 117 127 136 147 155 160 167 174 181 187 193 202 207 212 223 227 231 244 247 250 265 267 269 286 287 288 300 301 302 303 304 305 306 308 309 310 311 312 313 314 315 316 317 318 319 326 327 328 345 347 349 364 367 370 383 387 391 
308 65
8 28 48 68 88 99 108 118 128 137 140 148 156 161 168 175 182 188 194 203 208 213 224 228 232 245 248 251 266 268 270 287 288 289 300 301 302 303 304 305 306 307 309 310 311 312 313 314 315 316 317 318 319 327 328 329 346 348 350 365 368 371 384 388 392 
309 65
9 29 49 69 89 109 119 120 129 138 141 149 157 162 169 176 183 189 195 204 209 214 225 229 233 246 249 252 267 269 271 288 289 290 300 301 302 303 304 305 306 307 308 310 311 312 313 314 315 316 317 318 319 328 329 330 347 349 351 366 369 372 385 389 393 
310 65
10 30 50 70 90 100 110 121 130 139 142 150 158 163 170 177 184 190 196 205 210 215 226 230 234 247 250 253 268 270 272 289 290 291 300 301 302 303 304 305 306 307 308 309 311 312 313 314 315 316 317 318 319 329 330 331 348 350 352 367 370 373 386 390 394 
311 65
11 31 51 71 80 91 101 111 122 131 143 151 159 164 171 178 185 191 197 206 211 216 227 231 235 248 251 254 269 271 273 290 291 292 300 301 302 303 304 305 306 307 308 309 310 312 313 314 315 316 317 318 319 330 331 332 349 351 353 368 371 374 387 391 395 
312 65
12 32 52 60 72 81 92 102 112 123 132 144 152 165 172 179 186 192 198 207 212 217 228 232 236 249 252 255 270 272 274 291 292 293 300 301 302 303 304 305 306 307 308 309 310 311 313 314 315 316 317 318 319 331 332 333 350 352 354 369 372 375 388 392 396 
313 65
13 33 40 53 61 73 82 93 103 113 124 133 145 153 166 173 187 193 199 208 213 218 229 233 237 250 253 256 271 273 275 292 293 294 300 301 302 303 304 305 306 307 308 309 310 311 312 314 315 316 317 318 319 332 333 334 351 353 355 370 373 376 389 393 397 
314 65
14 20 34 41 54 62 74 83 94 104 114 125 134 146 154 167 174 188 194 209 214 219 230 234 238 251 254 257 272 274 276 293 294 295 300 301 302 303 304 305 306 307 308 309 310 311 312 313 315 316 317 318 319 333 334 335 352 354 356 371 374 377 390 394 398 
315 65
0 15 21 35 42 55 63 75 84 95 105 115 126 135 147 155 168 175 189 195 210 215 231 235 239 252 255 258 273 275 277 294 295 296 300 301 302 303 304 305 306 307 308 309 310 311 312 313 314 316 317 318 319 334 335 336 353 355 357 372 375 378 391 395 399 
316 63
1 16 22 36 43 56 64 76 85 96 106 116 127 136 148 156 169 176 190 196 211 216 232 236 253 256 259 274 276 278 295 296 297 300 301 302 303 304 305 306 307 308 309 310 311 312 313 314 315 317 318 319 335 336 337 354 356 358 373 376 379 392 396 
317 61
2 17 23 37 44 57 65 77 86 97 107 117 128 137 149 157 170 177 191 197 212 217 233 237 254 257 275 277 279 296 297 298 300 301 302 303 304 305 306 307 308 309 310 311 312 313 314 315 316 318 319 336 337 338 355 357 359 374 377 393 397 
318 59
3 18 24 38 45 58 66 78 87 98 108 118 129 138 150 158 171 178 192 198 213 218 234 238 255 258 276 278 297 298 299 300 301 302 303 304 305 306 307 308 309 310 311 312 313 314 315 316 317 319 337 338 339 356 358 375 378 394 398 
319 57
4 19 25 39 46 59 67 79 88 99 109 119 130 139 151 159 172 179 193 199 214 219 235 239 256 259 277 279 298 299 300 301 302 303 304 305 306 307 308 309 310 311 312 313 314 315 316 317 318 338 339 357 359 376 379 395 399 
320 57
0 16 20 35 40 54 60 73 80 92 100 111 120 130 140 149 160 168 180 187 200 206 220 225 240 244 260 263 280 282 300 301 321 322 323 324 325 326 327 328 329 330 331 332 333 334 335 336 337 338 339 340 341 360 362 380 383 
321 59
1 17 21 36 41 55 61 74 81 93 101 112 121 131 141 150 161 169 181 188 201 207 221 226 241 245 261 264 281 283 300 301 302 320 322 323 324 325 326 327 328 329 330 331 332 333 334 335 336 337 338 339 340 341 342 361 363 381 384 
322 61
2 18 22 37 42 56 62 75 82 94 102 113 122 132 142 151 162 170 182 189 202 208 222 227 242 246 262 265 280 282 284 301 302 303 320 321 323 324 325 326 327 328 329 330 331 332 333 334 335 336 337 338 339 341 342 343 360 362 364 382 385 
323 63
3 19 23 38 43 57 63 76 83 95 103 114 123 133 143 152 163 171 183 190 203 209 223 228 243 247 260 263 266 281 283 285 302 303 304 320 321 322 324 325 326 327 328 329 330 331 332 333 334 335 336 337 338 339 342 343 344 361 363 365 380 383 386 
324 63
4 24 39 44 58 64 77 84 96 104 115 124 134 144 153 164 172 184 191 204 210 224 229 240 244 248 261 264 267 282 284 286 303 304 305 320 321 322 323 325 326 327 328 329 330 331 332 333 334 335 336 337 338 339 343 344 345 362 364 366 381 384 387 
325 63
5 25 45 59 65 78 85 97 105 116 125 135 145 154 165 173 185 192 205 211 220 225 230 241 245 249 262 265 268 283 285 287 304 305 306 320 321 322 323 324 326 327 328 329 330 331 332 333 334 335 336 337 338 339 344 345 346 363 365 367 382 385 388 
326 63
6 26 46 66 79 86 98 106 117 126 136 146 155 166 174 186 193 200 206 212 221 226 231 242 246 250 263 266 269 284 286 288 305 306 307 320 321 322 323 324 325 327 328 329 330 331 332 333 334 335 336 337 338 339 345 346 347 364 366 368 383 386 389 
327 63
7 27 47 67 87 99 107 118 127 137 147 156 167 175 180 187 194 201 207 213 222 227 232 243 247 251 264 267 270 285 287 289 306 307 308 320 321 322 323 324 325 326 328 329 330 331 332 333 334 335 336 337 338 339 346 347 348 365 367 369 384 387 390 
328 63
8 28 48 68 88 108 119 128 138 148 157 160 168 176 181 188 195 202 208 214 223 228 233 244 248 252 265 268 271 286 288 290 307 308 309 320 321 322 323 324 325 326 327 329 330 331 332 333 334 335 336 337 338 339 347 348 349 366 368 370 385 388 391 
329 63
9 29 49 69 89 109 129 139 140 149 158 161 169 177 182 189 196 203 209 215 224 229 234 245 249 253 266 269 272 287 289 291 308 309 310 320 321 322 323 324 325 326 327 328 330 331 332 333 334 335 336 337 338 339 348 349 350 367 369 371 386 389 392 
330 63
10 30 50 70 90 110 120 130 141 150 159 162 170 178 183 190 197 204 210 216 225 230 235 246 250 254 267 270 273 288 290 292 309 310 311 320 321 322 323 324 325 326 327 328 329 331 332 333 334 335 336 337 338 339 349 350 351 368 370 372 387 390 393 
331 63
11 31 51 71 91 100 111 121 131 142 151 163 171 179 184 191 198 205 211 217 226 231 236 247 251 255 268 271 274 289 291 293 310 311 312 320 321 322 323 324 325 326 327 328 329 330 332 333 334 335 336 337 338 339 350 351 352 369 371 373 388 391 394 
332 63
12 32 52 72 80 92 101 112 122 132 143 152 164 172 185 192 199 206 212 218 227 232 237 248 252 256 269 272 275 290 292 294 311 312 313 320 321 322 323 324 325 326 327 328 329 330 331 333 334 335 336 337 338 339 351 352 353 370 372 374 389 392 395 
333 63
13 33 53 60 73 81 93 102 113 123 133 144 153 165 173 186 193 207 213 219 228 233 238 249 253 257 270 273 276 291 293 295 312 313 314 320 321 322 323 324 325 326 327 328 329 330 331 332 334 335 336 337 338 339 352 353 354 371 373 375 390 393 396 
334 63
14 34 40 54 61 74 82 94 103 114 124 134 145 154 166 174 187 194 208 214 229 234 239 250 254 258 271 274 277 292 294 296 313 314 315 320 321 322 323 324 325 326 327 328 329 330 331 332 333 335 336 337 338 339 353 354 355 372 374 376 391 394 397 
335 63
15 20 35 41 55 62 75 83 95 104 115 125 135 146 155 167 175 188 195 209 215 230 235 251 255 259 272 275 278 293 295 297 314 315 316 320 321 322 323 324 325 326 327 328 329 330 331 332 333 334 336 337 338 339 354 355 356 373 375 377 392 395 398 
336 63
0 16 21 36 42 56 63 76 84 96 105 116 126 136 147 156 168 176 189 196 210 216 231 236 252 256 273 276 279 294 296 298 315 316 317 320 321 322 323 324 325 326 327 328 329 330 331 332 333 334 335 337 338 339 355 356 357 374 376 378 393 396 399 
337 61
1 17 22 37 43 57 64 77 85 97 106 117 127 137 148 157 169 177 190 197 211 217 232 237 253 257 274 277 295 297 299 316 317 318 320 321 322 323 324 325 326 327 328 329 330 331 332 333 334 335 336 338 339 356 357 358 375 377 379 394 397 
338 59
2 18 23 38 44 58 65 78 86 98 107 118 128 138 149 158 170 178 191 198 212 218 233 238 254 258 275 278 296 298 317 318 319 320 321 322 323 324 325 326 327 328 329 330 331 332 333 334 335 336 337 339 357 358 359 376 378 395 398 
339 57
3 19 24 39 45 59 66 79 87 99 108 119 129 139 150 159 171 179 192 199 213 219 234 239 255 259 276 279 297 299 318 319 320 321 322 323 324 325 326 327 328 329 330 331 332 333 334 335 336 337 338 358 359 377 379 396 399 
340 57
0 17 20 36 40 55 60 74 80 93 100 112 120 131 140 150 160 169 180 188 200 207 220 226 240 245 260 264 280 283 300 302 320 321 341 342 343 344 345 346 347 348 349 350 351 352 353 354 355 356 357 358 359 360 361 380 382 
341 59
1 18 21 37 41 56 61 75 81 94 101 113 121 132 141 151 161 170 181 189 201 208 221 227 241 246 261 265 281 284 301 303 320 321 322 340 342 343 344 345 346 347 348 349 350 351 352 353 354 355 356 357 358 359 360 361 362 381 383 
342 61
2 19 22 38 42 57 62 76 82 95 102 114 122 133 142 152 162 171 182 190 202 209 222 228 242 247 262 266 282 285 300 302 304 321 322 323 340 341 343 344 345 346 347 348 349 350 351 352 353 354 355 356 357 358 359 361 362 363 380 382 384 
343 61
3 23 39 43 58 63 77 83 96 103 115 123 134 143 153 163 172 183 191 203 210 223 229 243 248 263 267 280 283 286 301 303 305 322 323 324 340 341 342 344 345 346 347 348 349 350 351 352 353 354 355 356 357 358 359 362 363 364 381 383 385 
344 61
4 24 44 59 64 78 84 97 104 116 124 135 144 154 164 173 184 192 204 211 224 230 244 249 260 264 268 281 284 287 302 304 306 323 324 325 340 341 342 343 345 346 347 348 349 350 351 352 353 354 355 356 357 358 359 363 364 365 382 384 386 
345 61
5 25 45 65 79 85 98 105 117 125 136 145 155 165 174 185 193 205 212 225 231 240 245 250 261 265 269 282 285 288 303 305 307 324 325 326 340 341 342 343 344 346 347 348 349 350 351 352 353 354 355 356 357 358 359 364 365 366 383 385 387 
346 61
6 26 46 66 86 99 106 118 126 137 146 156 166 175 186 194 206 213 220 226 232 241 246 251 262 266 270 283 286 289 304 306 308 325 326 327 340 341 342 343 344 345 347 348 349 350 351 352 353 354 355 356 357 358 359 365 366 367 384 386 388 
347 61
7 27 47 67 87 107 119 127 138 147 157 167 176 187 195 200 207 214 221 227 233 242 247 252 263 267 271 284 287 290 305 307 309 326 327 328 340 341 342 343 344 345 346 348 349 350 351 352 353 354 355 356 357 358 359 366 367 368 385 387 389 
348 61
8 28 48 68 88 108 128 139 148 158 168 177 180 188 196 201 208 215 222 228 234 243 248 253 264 268 272 285 288 291 306 308 310 327 328 329 340 341 342 343 344 345 346 347 349 350 351 352 353 354 355 356 357 358 359 367 368 369 386 388 390 
349 61
9 29 49 69 89 109 129 149 159 160 169 178 181 189 197 202 209 216 223 229 235 244 249 254 265 269 273 286 289 292 307 309 311 328 329 330 340 341 342 343 344 345 346 347 348 350 351 352 353 354 355 356 357 358 359 368 369 370 387 389 391 
350 61
10 30 50 70 90 110 130 140 150 161 170 179 182 190 198 203 210 217 224 230 236 245 250 255 266 270 274 287 290 293 308 310 312 329 330 331 340 341 342 343 344 345 346 347 348 349 351 352 353 354 355 356 357 358 359 369 370 371 388 390 392 
351 61
11 31 51 71 91 111 120 131 141 151 162 171 183 191 199 204 211 218 225 231 237 246 251 256 267 271 275 288 291 294 309 311 313 330 331 332 340 341 342 343 344 345 346 347 348 349 350 352 353 354 355 356 357 358 359 370 371 372 389 391 393 
352 61
12 32 52 72 92 100 112 121 132 142 152 163 172 184 192 205 212 219 226 232 238 247 252 257 268 272 276 289 292 295 310 312 314 331 332 333 340 341 342 343 344 345 346 347 348 349 350 351 353 354 355 356 357 358 359 371 372 373 390 392 394 
353 61
13 33 53 73 80 93 101 113 122 133 143 153 164 173 185 193 206 213 227 233 239 248 253 258 269 273 277 290 293 296 311 313 315 332 333 334 340 341 342 343 344 345 346 347 348 349 350 351 352 354 355 356 357 358 359 372 373 374 391 393 395 
354 61
14 34 54 60 74 81 94 102 114 123 134 144 154 165 174 186 194 207 214 228 234 249 254 259 270 274 278 291 294 297 312 314 316 333 334 335 340 341 342 343 344 345 346 347 348 349 350 351 352 353 355 356 357 358 359 373 374 375 392 394 396 
355 61
15 35 40 55 61 75 82 95 103 115 124 135 145 155 166 175 187 195 208 215 229 235 250 255 271 275 279 292 295 298 313 315 317 334 335 336 340 341 342 343 344 345 346 347 348 349 350 351 352 353 354 356 357 358 359 374 375 376 393 395 397 
356 61
16 20 36 41 56 62 76 83 96 104 116 125 136 146 156 167 176 188 196 209 216 230 236 251 256 272 276 293 296 299 314 316 318 335 336 337 340 341 342 343 344 345 346 347 348 349 350 351 352 353 354 355 357 358 359 375 376 377 394 396 398 
357 61
0 17 21 37 42 57 63 77 84 97 105 117 126 137 147 157 168 177 189 197 210 217 231 237 252 257 273 277 294 297 315 317 319 336 337 338 340 341 342 343 344 345 346 347 348 349 350 351 352 353 354 355 356 358 359 376 377 378 395 397 399 
358 59
1 18 22 38 43 58 64 78 85 98 106 118 127 138 148 158 169 178 190 198 211 218 232 238 253 258 274 278 295 298 316 318 337 338 339 340 341 342 343 344 345 346 347 348 349 350 351 352 353 354 355 356 357 359 377 378 379 396 398 
359 57
2 19 23 39 44 59 65 79 86 99 107 119 128 139 149 159 170 179 191 199 212 219 233 239 254 259 275 279 296 299 317 319 338 339 340 341 342 343 344 345 346 347 348 349 350 351 352 353 354 355 356 357 358 378 379 397 399 
360 57
0 18 20 37 40 56 60 75 80 94 100 113 120 132 140 151 160 170 180 189 200 208 220 227 240 246 260 265 280 284 300 303 320 322 340 341 361 362 363 364 365 366 367 368 369 370 371 372 373 374 375 376 377 378 379 380 381 
361 59
1 19 21 38 41 57 61 76 81 95 101 114 121 133 141 152 161 171 181 190 201 209 221 228 241 247 261 266 281 285 301 304 321 323 340 341 342 360 362 363 364 365 366 367 368 369 370 371 372 373 374 375 376 377 378 379 380 381 382 
362 59
2 22 39 42 58 62 77 82 96 102 115 122 134 142 153 162 172 182 191 202 210 222 229 242 248 262 267 282 286 302 305 320 322 324 341 342 343 360 361 363 364 365 366 367 368 369 370 371 372 373 374 375 376 377 378 379 381 382 383 
363 59
3 23 43 59 63 78 83 97 103 116 123 135 143 154 163 173 183 192 203 211 223 230 243 249 263 268 283 287 300 303 306 321 323 325 342 343 344 360 361 362 364 365 366 367 368 369 370 371 372 373 374 375 376 377 378 379 382 383 384 
364 59
4 24 44 64 79 84 98 104 117 124 136 144 155 164 174 184 193 204 212 224 231 244 250 264 269 280 284 288 301 304 307 322 324 326 343 344 345 360 361 362 363 365 366 367 368 369 370 371 372 373 374 375 376 377 378 379 383 384 385 
365 59
5 25 45 65 85 99 105 118 125 137 145 156 165 175 185 194 205 213 225 232 245 251 260 265 270 281 285 289 302 305 308 323 325 327 344 345 346 360 361 362 363 364 366 367 368 369 370 371 372 373 374 375 376 377 378 379 384 385 386 
366 59
6 26 46 66 86 106 119 126 138 146 157 166 176 186 195 206 214 226 233 240 246 252 261 266 271 282 286 290 303 306 309 324 326 328 345 346 347 360 361 362 363 364 365 367 368 369 370 371 372 373 374 375 376 377 378 379 385 386 387 
367 59
7 27 47 67 87 107 127 139 147 158 167 177 187 196 207 215 220 227 234 241 247 253 262 267 272 283 287 291 304 307 310 325 327 329 346 347 348 360 361 362 363 364 365 366 368 369 370 371 372 373 374 375 376 377 378 379 386 387 388 
368 59
8 28 48 68 88 108 128 148 159 168 178 188 197 200 208 216 221 228 235 242 248 254 263 268 273 284 288 292 305 308 311 326 328 330 347 348 349 360 361 362 363 364 365 366 367 369 370 371 372 373 374 375 376 377 378 379 387 388 389 
369 59
9 29 49 69 89 109 129 149 169 179 180 189 198 201 209 217 222 229 236 243 249 255 264 269 274 285 289 293 306 309 312 327 329 331 348 349 350 360 361 362 363 364 365 366 367 368 370 371 372 373 374 375 376 377 378 379 388 389 390 
370 59
10 30 50 70 90 110 130 150 160 170 181 190 199 202 210 218 223 230 237 244 250 256 265 270 275 286 290 294 307 310 313 328 330 332 349 350 351 360 361 362 363 364 365 366 367 368 369 371 372 373 374 375 376 377 378 379 389 390 391 
371 59
11 31 51 71 91 111 131 140 151 161 171 182 191 203 211 219 224 231 238 245 251 257 266 271 276 287 291 295 308 311 314 329 331 333 350 351 352 360 361 362 363 364 365 366 367 368 369 370 372 373 374 375 376 377 378 379 390 391 392 
372 59
12 32 52 72 92 112 120 132 141 152 162 172 183 192 204 212 225 232 239 246 252 258 267 272 277 288 292 296 309 312 315 330 332 334 351 352 353 360 361 362 363 364 365 366 367 368 369 370 371 373 374 375 376 377 378 379 391 392 393 
373 59
13 33 53 73 93 100 113 121 133 142 153 163 173 184 193 205 213 226 233 247 253 259 268 273 278 289 293 297 310 313 316 331 333 335 352 353 354 360 361 362 363 364 365 366 367 368 369 370 371 372 374 375 376 377 378 379 392 393 394 
374 59
14 34 54 74 80 94 101 114 122 134 143 154 164 174 185 194 206 214 227 234 248 254 269 274 279 290 294 298 311 314 317 332 334 336 353 354 355 360 361 362 363 364 365 366 367 368 369 370 371 372 373 375 376 377 378 379 393 394 395 
375 59
15 35 55 60 75 81 95 102 115 123 135 144 155 165 175 186 195 207 215 228 235 249 255 270 275 291 295 299 312 315 318 333 335 337 354 355 356 360 361 362 363 364 365 366 367 368 369 370 371 372 373 374 376 377 378 379 394 395 396 
376 59
16 36 40 56 61 76 82 96 103 116 124 136 145 156 166 176 187 196 208 216 229 236 250 256 271 276 292 296 313 316 319 334 336 338 355 356 357 360 361 362 363 364 365 366 367 368 369 370 371 372 373 374 375 377 378 379 395 396 397 
377 59
17 20 37 41 57 62 77 83 97 104 117 125 137 146 157 167 177 188 197 209 217 230 237 251 257 272 277 293 297 314 317 335 337 339 356 357 358 360 361 362 363 364 365 366 367 368 369 370 371 372 373 374 375 376 378 379 396 397 398 
378 59
0 18 21 38 42 58 63 78 84 98 105 118 126 138 147 158 168 178 189 198 210 218 231 238 252 258 273 278 294 298 315 318 336 338 357 358 359 360 361 362 363 364 365 366 367 368 369 370 371 372 373 374 375 376 377 379 397 398 399 
379 57
1 19 22 39 43 59 64 79 85 99 106 119 127 139 148 159 169 179 190 199 211 219 232 239 253 259 274 279 295 299 316 319 337 339 358 359 360 361 362 363 364 365 366 367 368 369 370 371 372 373 374 375 376 377 378 398 399 
380 57
0 19 20 38 40 57 60 76 80 95 100 114 120 133 140 152 160 171 180 190 200 209 220 228 240 247 260 266 280 285 300 304 320 323 340 342 360 361 381 382 383 384 385 386 387 388 389 390 391 392 393 394 395 396 397 398 399 
381 57
1 21 39 41 58 61 77 81 96 101 115 121 134 141 153 161 172 181 191 201 210 221 229 241 248 261 267 281 286 301 305 321 324 341 343 360 361 362 380 382 383 384 385 386 387 388 389 390 391 392 393 394 395 396 397 398 399 
382 57
2 22 42 59 62 78 82 97 102 116 122 135 142 154 162 173 182 192 202 211 222 230 242 249 262 268 282 287 302 306 322 325 340 342 344 361 362 363 380 381 383 384 385 386 387 388 389 390 391 392 393 394 395 396 397 398 399 
383 57
3 23 43 63 79 83 98 103 117 123 136 143 155 163 174 183 193 203 212 223 231 243 250 263 269 283 288 303 307 320 323 326 341 343 345 362 363 364 380 381 382 384 385 386 387 388 389 390 391 392 393 394 395 396 397 398 399 
384 57
4 24 44 64 84 99 104 118 124 137 144 156 164 175 184 194 204 213 224 232 244 251 264 270 284 289 300 304 308 321 324 327 342 344 346 363 364 365 380 381 382 383 385 386 387 388 389 390 391 392 393 394 395 396 397 398 399 
385 57
5 25 45 65 85 105 119 125 138 145 157 165 176 185 195 205 214 225 233 245 252 265 271 280 285 290 301 305 309 322 325 328 343 345 347 364 365 366 380 381 382 383 384 386 387 388 389 390 391 392 393 394 395 396 397 398 399 
386 57
6 26 46 66 86 106 126 139 146 158 166 177 186 196 206 215 226 234 246 253 260 266 272 281 286 291 302 306 310 323 326 329 344 346 348 365 366 367 380 381 382 383 384 385 387 388 389 390 391 392 393 394 395 396 397 398 399 
387 57
7 27 47 67 87 107 127 147 159 167 178 187 197 207 216 227 235 240 247 254 261 267 273 282 287 292 303 307 311 324 327 330 345 347 349 366 367 368 380 381 382 383 384 385 386 388 389 390 391 392 393 394 395 396 397 398 399 
388 57
8 28 48 68 88 108 128 148 168 179 188 198 208 217 220 228 236 241 248 255 262 268 274 283 288 293 304 308 312 325 328 331 346 348 350 367 368 369 380 381 382 383 384 385 386 387 389 390 391 392 393 394 395 396 397 398 399 
389 57
9 29 49 69 89 109 129 149 169 189 199 200 209 218 221 229 237 242 249 256 263 269 275 284 289 294 305 309 313 326 329 332 347 349 351 368 369 370 380 381 382 383 384 385 386 387 388 390 391 392 393 394 395 396 397 398 399 
390 57
10 30 50 70 90 110 130 150 170 180 190 201 210 219 222 230 238 243 250 257 264 270 276 285 290 295 306 310 314 327 330 333 348 350 352 369 370 371 380 381 382 383 384 385 386 387 388 389 391 392 393 394 395 396 397 398 399 
391 57
11 31 51 71 91 111 131 151 160 171 181 191 202 211 223 231 239 244 251 258 265 271 277 286 291 296 307 311 315 328 331 334 349 351 353 370 371 372 380 381 382 383 384 385 386 387 388 389 390 392 393 394 395 396 397 398 399 
392 57
12 32 52 72 92 112 132 140 152 161 172 182 192 203 212 224 232 245 252 259 266 272 278 287 292 297 308 312 316 329 332 335 350 352 354 371 372 373 380 381 382 383 384 385 386 387 388 389 390 391 393 394 395 396 397 398 399 
393 57
13 33 53 73 93 113 120 133 141 153 162 173 183 193 204 213 225 233 246 253 267 273 279 288 293 298 309 313 317 330 333 336 351 353 355 372 373 374 380 381 382 383 384 385 386 387 388 389 390 391 392 394 395 396 397 398 399 
394 57
14 34 54 74 94 100 114 121 134 142 154 163 174 184 194 205 214 226 234 247 254 268 274 289 294 299 310 314 318 331 334 337 352 354 356 373 374 375 380 381 382 383 384 385 386 387 388 389 390 391 392 393 395 396 397 398 399 
395 57
15 35 55 75 80 95 101 115 122 135 143 155 164 175 185 195 206 215 227 235 248 255 269 275 290 295 311 315 319 332 335 338 353 355 357 374 375 376 380 381 382 383 384 385 386 387 388 389 390 391 392 393 394 396 397 398 399 
396 57
16 36 56 60 76 81 96 102 116 123 136 144 156 165 176 186 196 207 216 228 236 249 256 270 276 291 296 312 316 333 336 339 354 356 358 375 376 377 380 381 382 383 384 385 386 387 388 389 390 391 392 393 394 395 397 398 399 
397 57
17 37 40 57 61 77 82 97 103 117 124 137 145 157 166 177 187 197 208 217 229 237 250 257 271 277 292 297 313 317 334 337 355 357 359 376 377 378 380 381 382 383 384 385 386 387 388 389 390 391 392 393 394 395 396 398 399 
398 57
18 20 38 41 58 62 78 83 98 104 118 125 138 146 158 167 178 188 198 209 218 230 238 251 258 272 278 293 298 314 318 335 338 356 358 377 378 379 380 381 382 383 384 385 386 387 388 389 390 391 392 393 394 395 396 397 399 
399 57
0 19 21 39 42 59 63 79 84 99 105 119 126 139 147 159 168 179 189 199 210 219 231 239 252 259 273 279 294 299 315 319 336 339 357 359 378 379 380 381 382 383 384 385 386 387 388 389 390 391 392 393 394 395 396 397 398 
