25

0 12
1 2 3 4 5 6 10 12 15 18 20 24 
1 12
0 2 3 4 5 6 7 11 13 16 19 21 
2 12
0 1 3 4 6 7 8 10 12 14 17 22 
3 12
0 1 2 4 7 8 9 11 13 15 18 23 
4 12
0 1 2 3 8 9 12 14 16 19 20 24 
5 12
0 1 6 7 8 9 10 11 15 17 20 23 
6 14
0 1 2 5 7 8 9 10 11 12 16 18 21 24 
7 14
1 2 3 5 6 8 9 11 12 13 15 17 19 22 
8 14
2 3 4 5 6 7 9 12 13 14 16 18 20 23 
9 12
3 4 5 6 7 8 13 14 17 19 21 24 
10 12
0 2 5 6 11 12 13 14 15 16 20 22 
11 14
1 3 5 6 7 10 12 13 14 15 16 17 21 23 
12 16
0 2 4 6 7 8 10 11 13 14 16 17 18 20 22 24 
13 14
1 3 7 8 9 10 11 12 14 17 18 19 21 23 
14 12
2 4 8 9 10 11 12 13 18 19 22 24 
15 12
0 3 5 7 10 11 16 17 18 19 20 21 
16 14
1 4 6 8 10 11 12 15 17 18 19 20 21 22 
17 14
2 5 7 9 11 12 13 15 16 18 19 21 22 23 
18 14
0 3 6 8 12 13 14 15 16 17 19 22 23 24 
19 12
1 4 7 9 13 14 15 16 17 18 23 24 
20 12
0 4 5 8 10 12 15 16 21 22 23 24 
21 12
1 6 9 11 13 15 16 17 20 22 23 24 
22 12
2 7 10 12 14 16 17 18 20 21 23 24 
23 12
3 5 8 11 13 17 18 19 20 21 22 24 
24 12
0 4 6 9 12 14 18 19 20 21 22 23 
