36

0 15
1 2 3 4 5 6 7 12 14 18 21 24 28 30 35 
1 15
0 2 3 4 5 6 7 8 13 15 19 22 25 29 31 
2 15
0 1 3 4 5 7 8 9 12 14 16 20 23 26 32 
3 15
0 1 2 4 5 8 9 10 13 15 17 18 21 27 33 
4 15
0 1 2 3 5 9 10 11 14 16 19 22 24 28 34 
5 15
0 1 2 3 4 10 11 15 17 20 23 25 29 30 35 
6 15
0 1 7 8 9 10 11 12 13 18 20 24 27 30 34 
7 17
0 1 2 6 8 9 10 11 12 13 14 19 21 25 28 31 35 
8 17
1 2 3 6 7 9 10 11 13 14 15 18 20 22 26 29 32 
9 17
2 3 4 6 7 8 10 11 14 15 16 19 21 23 24 27 33 
10 17
3 4 5 6 7 8 9 11 15 16 17 20 22 25 28 30 34 
11 15
4 5 6 7 8 9 10 16 17 21 23 26 29 31 35 
12 15
0 2 6 7 13 14 15 16 17 18 19 24 26 30 33 
13 17
1 3 6 7 8 12 14 15 16 17 18 19 20 25 27 31 34 
14 19
0 2 4 7 8 9 12 13 15 16 17 19 20 21 24 26 28 32 35 
15 19
1 3 5 8 9 10 12 13 14 16 17 20 21 22 25 27 29 30 33 
16 17
2 4 9 10 11 12 13 14 15 17 21 22 23 26 28 31 34 
17 15
3 5 10 11 12 13 14 15 16 22 23 27 29 32 35 
18 15
0 3 6 8 12 13 19 20 21 22 23 24 25 30 32 
19 17
1 4 7 9 12 13 14 18 20 21 22 23 24 25 26 31 33 
20 19
2 5 6 8 10 13 14 15 18 19 21 22 23 25 26 27 30 32 34 
21 19
0 3 7 9 11 14 15 16 18 19 20 22 23 26 27 28 31 33 35 
22 17
1 4 8 10 15 16 17 18 19 20 21 23 27 28 29 32 34 
23 15
2 5 9 11 16 17 18 19 20 21 22 28 29 33 35 
24 15
0 4 6 9 12 14 18 19 25 26 27 28 29 30 31 
25 17
1 5 7 10 13 15 18 19 20 24 26 27 28 29 30 31 32 
26 17
2 8 11 12 14 16 19 20 21 24 25 27 28 29 31 32 33 
27 17
3 6 9 13 15 17 20 21 22 24 25 26 28 29 32 33 34 
28 17
0 4 7 10 14 16 21 22 23 24 25 26 27 29 33 34 35 
29 15
1 5 8 11 15 17 22 23 24 25 26 27 28 34 35 
30 15
0 5 6 10 12 15 18 20 24 25 31 32 33 34 35 
31 15
1 7 11 13 16 19 21 24 25 26 30 32 33 34 35 
32 15
2 8 14 17 18 20 22 25 26 27 30 31 33 34 35 
33 15
3 9 12 15 19 21 23 26 27 28 30 31 32 34 35 
34 15
4 6 10 13 16 20 22 27 28 29 30 31 32 33 35 
35 15
0 5 7 11 14 17 21 23 28 29 30 31 32 33 34 
