49

0 18
1 2 3 4 5 6 7 8 14 16 21 24 28 32 35 40 42 48 
1 18
0 2 3 4 5 6 7 8 9 15 17 22 25 29 33 36 41 43 
2 18
0 1 3 4 5 6 8 9 10 14 16 18 23 26 30 34 37 44 
3 18
0 1 2 4 5 6 9 10 11 15 17 19 21 24 27 31 38 45 
4 18
0 1 2 3 5 6 10 11 12 16 18 20 22 25 28 32 39 46 
5 18
0 1 2 3 4 6 11 12 13 17 19 23 26 29 33 35 40 47 
6 18
0 1 2 3 4 5 12 13 18 20 24 27 30 34 36 41 42 48 
7 18
0 1 8 9 10 11 12 13 14 15 21 23 28 31 35 39 42 47 
8 20
0 1 2 7 9 10 11 12 13 14 15 16 22 24 29 32 36 40 43 48 
9 20
1 2 3 7 8 10 11 12 13 15 16 17 21 23 25 30 33 37 41 44 
10 20
2 3 4 7 8 9 11 12 13 16 17 18 22 24 26 28 31 34 38 45 
11 20
3 4 5 7 8 9 10 12 13 17 18 19 23 25 27 29 32 35 39 46 
12 20
4 5 6 7 8 9 10 11 13 18 19 20 24 26 30 33 36 40 42 47 
13 18
5 6 7 8 9 10 11 12 19 20 25 27 31 34 37 41 43 48 
14 18
0 2 7 8 15 16 17 18 19 20 21 22 28 30 35 38 42 46 
15 20
1 3 7 8 9 14 16 17 18 19 20 21 22 23 29 31 36 39 43 47 
16 22
0 2 4 8 9 10 14 15 17 18 19 20 22 23 24 28 30 32 37 40 44 48 
17 22
1 3 5 9 10 11 14 15 16 18 19 20 23 24 25 29 31 33 35 38 41 45 
18 22
2 4 6 10 11 12 14 15 16 17 19 20 24 25 26 30 32 34 36 39 42 46 
19 20
3 5 11 12 13 14 15 16 17 18 20 25 26 27 31 33 37 40 43 47 
20 18
4 6 12 13 14 15 16 17 18 19 26 27 32 34 38 41 44 48 
21 18
0 3 7 9 14 15 22 23 24 25 26 27 28 29 35 37 42 45 
22 20
1 4 8 10 14 15 16 21 23 24 25 26 27 28 29 30 36 38 43 46 
23 22
2 5 7 9 11 15 16 17 21 22 24 25 26 27 29 30 31 35 37 39 44 47 
24 24
0 3 6 8 10 12 16 17 18 21 22 23 25 26 27 30 31 32 36 38 40 42 45 48 
25 22
1 4 9 11 13 17 18 19 21 22 23 24 26 27 31 32 33 37 39 41 43 46 
26 20
2 5 10 12 18 19 20 21 22 23 24 25 27 32 33 34 38 40 44 47 
27 18
3 6 11 13 19 20 21 22 23 24 25 26 33 34 39 41 45 48 
28 18
0 4 7 10 14 16 21 22 29 30 31 32 33 34 35 36 42 44 
29 20
1 5 8 11 15 17 21 22 23 28 30 31 32 33 34 35 36 37 43 45 
30 22
2 6 9 12 14 16 18 22 23 24 28 29 31 32 33 34 36 37 38 42 44 46 
31 22
3 7 10 13 15 17 19 23 24 25 28 29 30 32 33 34 37 38 39 43 45 47 
32 22
0 4 8 11 16 18 20 24 25 26 28 29 30 31 33 34 38 39 40 44 46 48 
33 20
1 5 9 12 17 19 25 26 27 28 29 30 31 32 34 39 40 41 45 47 
34 18
2 6 10 13 18 20 26 27 28 29 30 31 32 33 40 41 46 48 
35 18
0 5 7 11 14 17 21 23 28 29 36 37 38 39 40 41 42 43 
36 20
1 6 8 12 15 18 22 24 28 29 30 35 37 38 39 40 41 42 43 44 
37 20
2 9 13 16 19 21 23 25 29 30 31 35 36 38 39 40 41 43 44 45 
38 20
3 10 14 17 20 22 24 26 30 31 32 35 36 37 39 40 41 44 45 46 
39 20
4 7 11 15 18 23 25 27 31 32 33 35 36 37 38 40 41 45 46 47 
40 20
0 5 8 12 16 19 24 26 32 33 34 35 36 37 38 39 41 46 47 48 
41 18
1 6 9 13 17 20 25 27 33 34 35 36 37 38 39 40 47 48 
42 18
0 6 7 12 14 18 21 24 28 30 35 36 43 44 45 46 47 48 
43 18
1 8 13 15 19 22 25 29 31 35 36 37 42 44 45 46 47 48 
44 18
2 9 16 20 23 26 28 30 32 36 37 38 42 43 45 46 47 48 
45 18
3 10 17 21 24 27 29 31 33 37 38 39 42 43 44 46 47 48 
46 18
4 11 14 18 22 25 30 32 34 38 39 40 42 43 44 45 47 48 
47 18
5 7 12 15 19 23 26 31 33 39 40 41 42 43 44 45 46 48 
48 18
0 6 8 13 16 20 24 27 32 34 40 41 42 43 44 45 46 47 
