64

0 21
1 2 3 4 5 6 7 8 9 16 18 24 27 32 36 40 45 48 54 56 63 
1 21
0 2 3 4 5 6 7 8 9 10 17 19 25 28 33 37 41 46 49 55 57 
2 21
0 1 3 4 5 6 7 9 10 11 16 18 20 26 29 34 38 42 47 50 58 
3 21
0 1 2 4 5 6 7 10 11 12 17 19 21 24 27 30 35 39 43 51 59 
4 21
0 1 2 3 5 6 7 11 12 13 18 20 22 25 28 31 32 36 44 52 60 
5 21
0 1 2 3 4 6 7 12 13 14 19 21 23 26 29 33 37 40 45 53 61 
6 21
0 1 2 3 4 5 7 13 14 15 20 22 27 30 34 38 41 46 48 54 62 
7 21
0 1 2 3 4 5 6 14 15 21 23 28 31 35 39 42 47 49 55 56 63 
8 21
0 1 9 10 11 12 13 14 15 16 17 24 26 32 35 40 44 48 53 56 62 
9 23
0 1 2 8 10 11 12 13 14 15 16 17 18 25 27 33 36 41 45 49 54 57 63 
10 23
1 2 3 8 9 11 12 13 14 15 17 18 19 24 26 28 34 37 42 46 50 55 58 
11 23
2 3 4 8 9 10 12 13 14 15 18 19 20 25 27 29 32 35 38 43 47 51 59 
12 23
3 4 5 8 9 10 11 13 14 15 19 20 21 26 28 30 33 36 39 40 44 52 60 
13 23
4 5 6 8 9 10 11 12 14 15 20 21 22 27 29 31 34 37 41 45 48 53 61 
14 23
5 6 7 8 9 10 11 12 13 15 21 22 23 28 30 35 38 42 46 49 54 56 62 
15 21
6 7 8 9 10 11 12 13 14 22 23 29 31 36 39 43 47 50 55 57 63 
16 21
0 2 8 9 17 18 19 20 21 22 23 24 25 32 34 40 43 48 52 56 61 
17 23
1 3 8 9 10 16 18 19 20 21 22 23 24 25 26 33 35 41 44 49 53 57 62 
18 25
0 2 4 9 10 11 16 17 19 20 21 22 23 25 26 27 32 34 36 42 45 50 54 58 63 
19 25
1 3 5 10 11 12 16 17 18 20 21 22 23 26 27 28 33 35 37 40 43 46 51 55 59 
20 25
2 4 6 11 12 13 16 17 18 19 21 22 23 27 28 29 34 36 38 41 44 47 48 52 60 
21 25
3 5 7 12 13 14 16 17 18 19 20 22 23 28 29 30 35 37 39 42 45 49 53 56 61 
22 23
4 6 13 14 15 16 17 18 19 20 21 23 29 30 31 36 38 43 46 50 54 57 62 
23 21
5 7 14 15 16 17 18 19 20 21 22 30 31 37 39 44 47 51 55 58 63 
24 21
0 3 8 10 16 17 25 26 27 28 29 30 31 32 33 40 42 48 51 56 60 
25 23
1 4 9 11 16 17 18 24 26 27 28 29 30 31 32 33 34 41 43 49 52 57 61 
26 25
2 5 8 10 12 17 18 19 24 25 27 28 29 30 31 33 34 35 40 42 44 50 53 58 62 
27 27
0 3 6 9 11 13 18 19 20 24 25 26 28 29 30 31 34 35 36 41 43 45 48 51 54 59 63 
28 27
1 4 7 10 12 14 19 20 21 24 25 26 27 29 30 31 35 36 37 42 44 46 49 52 55 56 60 
29 25
2 5 11 13 15 20 21 22 24 25 26 27 28 30 31 36 37 38 43 45 47 50 53 57 61 
30 23
3 6 12 14 21 22 23 24 25 26 27 28 29 31 37 38 39 44 46 51 54 58 62 
31 21
4 7 13 15 22 23 24 25 26 27 28 29 30 38 39 45 47 52 55 59 63 
32 21
0 4 8 11 16 18 24 25 33 34 35 36 37 38 39 40 41 48 50 56 59 
33 23
1 5 9 12 17 19 24 25 26 32 34 35 36 37 38 39 40 41 42 49 51 57 60 
34 25
2 6 10 13 16 18 20 25 26 27 32 33 35 36 37 38 39 41 42 43 48 50 52 58 61 
35 27
3 7 8 11 14 17 19 21 26 27 28 32 33 34 36 37 38 39 42 43 44 49 51 53 56 59 62 
36 27
0 4 9 12 15 18 20 22 27 28 29 32 33 34 35 37 38 39 43 44 45 50 52 54 57 60 63 
37 25
1 5 10 13 19 21 23 28 29 30 32 33 34 35 36 38 39 44 45 46 51 53 55 58 61 
38 23
2 6 11 14 20 22 29 30 31 32 33 34 35 36 37 39 45 46 47 52 54 59 62 
39 21
3 7 12 15 21 23 30 31 32 33 34 35 36 37 38 46 47 53 55 60 63 
40 21
0 5 8 12 16 19 24 26 32 33 41 42 43 44 45 46 47 48 49 56 58 
41 23
1 6 9 13 17 20 25 27 32 33 34 40 42 43 44 45 46 47 48 49 50 57 59 
42 25
2 7 10 14 18 21 24 26 28 33 34 35 40 41 43 44 45 46 47 49 50 51 56 58 60 
43 25
3 11 15 16 19 22 25 27 29 34 35 36 40 41 42 44 45 46 47 50 51 52 57 59 61 
44 25
4 8 12 17 20 23 26 28 30 35 36 37 40 41 42 43 45 46 47 51 52 53 58 60 62 
45 25
0 5 9 13 18 21 27 29 31 36 37 38 40 41 42 43 44 46 47 52 53 54 59 61 63 
46 23
1 6 10 14 19 22 28 30 37 38 39 40 41 42 43 44 45 47 53 54 55 60 62 
47 21
2 7 11 15 20 23 29 31 38 39 40 41 42 43 44 45 46 54 55 61 63 
48 21
0 6 8 13 16 20 24 27 32 34 40 41 49 50 51 52 53 54 55 56 57 
49 23
1 7 9 14 17 21 25 28 33 35 40 41 42 48 50 51 52 53 54 55 56 57 58 
50 23
2 10 15 18 22 26 29 32 34 36 41 42 43 48 49 51 52 53 54 55 57 58 59 
51 23
3 11 19 23 24 27 30 33 35 37 42 43 44 48 49 50 52 53 54 55 58 59 60 
52 23
4 12 16 20 25 28 31 34 36 38 43 44 45 48 49 50 51 53 54 55 59 60 61 
53 23
5 8 13 17 21 26 29 35 37 39 44 45 46 48 49 50 51 52 54 55 60 61 62 
54 23
0 6 9 14 18 22 27 30 36 38 45 46 47 48 49 50 51 52 53 55 61 62 63 
55 21
1 7 10 15 19 23 28 31 37 39 46 47 48 49 50 51 52 53 54 62 63 
56 21
0 7 8 14 16 21 24 28 32 35 40 42 48 49 57 58 59 60 61 62 63 
57 21
1 9 15 17 22 25 29 33 36 41 43 48 49 50 56 58 59 60 61 62 63 
58 21
2 10 18 23 26 30 34 37 40 42 44 49 50 51 56 57 59 60 61 62 63 
59 21
3 11 19 27 31 32 35 38 41 43 45 50 51 52 56 57 58 60 61 62 63 
60 21
4 12 20 24 28 33 36 39 42 44 46 51 52 53 56 57 58 59 61 62 63 
61 21
5 13 16 21 25 29 34 37 43 45 47 52 53 54 56 57 58 59 60 62 63 
62 21
6 8 14 17 22 26 30 35 38 44 46 53 54 55 56 57 58 59 60 61 63 
63 21
0 7 9 15 18 23 27 31 36 39 45 47 54 55 56 57 58 59 60 61 62 
