81

0 24
1 2 3 4 5 6 7 8 9 10 18 20 27 30 36 40 45 50 54 60 63 70 72 80 
1 24
0 2 3 4 5 6 7 8 9 10 11 19 21 28 31 37 41 46 51 55 61 64 71 73 
2 24
0 1 3 4 5 6 7 8 10 11 12 18 20 22 29 32 38 42 47 52 56 62 65 74 
3 24
0 1 2 4 5 6 7 8 11 12 13 19 21 23 27 30 33 39 43 48 53 57 66 75 
4 24
0 1 2 3 5 6 7 8 12 13 14 20 22 24 28 31 34 36 40 44 49 58 67 76 
5 24
0 1 2 3 4 6 7 8 13 14 15 21 23 25 29 32 35 37 41 45 50 59 68 77 
6 24
0 1 2 3 4 5 7 8 14 15 16 22 24 26 30 33 38 42 46 51 54 60 69 78 
7 24
0 1 2 3 4 5 6 8 15 16 17 23 25 31 34 39 43 47 52 55 61 63 70 79 
8 24
0 1 2 3 4 5 6 7 16 17 24 26 32 35 40 44 48 53 56 62 64 71 72 80 
9 24
0 1 10 11 12 13 14 15 16 17 18 19 27 29 36 39 45 49 54 59 63 69 72 79 
10 26
0 1 2 9 11 12 13 14 15 16 17 18 19 20 28 30 37 40 46 50 55 60 64 70 73 80 
11 26
1 2 3 9 10 12 13 14 15 16 17 19 20 21 27 29 31 38 41 47 51 56 61 65 71 74 
12 26
2 3 4 9 10 11 13 14 15 16 17 20 21 22 28 30 32 36 39 42 48 52 57 62 66 75 
13 26
3 4 5 9 10 11 12 14 15 16 17 21 22 23 29 31 33 37 40 43 45 49 53 58 67 76 
14 26
4 5 6 9 10 11 12 13 15 16 17 22 23 24 30 32 34 38 41 44 46 50 54 59 68 77 
15 26
5 6 7 9 10 11 12 13 14 16 17 23 24 25 31 33 35 39 42 47 51 55 60 63 69 78 
16 26
6 7 8 9 10 11 12 13 14 15 17 24 25 26 32 34 40 43 48 52 56 61 64 70 72 79 
17 24
7 8 9 10 11 12 13 14 15 16 25 26 33 35 41 44 49 53 57 62 65 71 73 80 
18 24
0 2 9 10 19 20 21 22 23 24 25 26 27 28 36 38 45 48 54 58 63 68 72 78 
19 26
1 3 9 10 11 18 20 21 22 23 24 25 26 27 28 29 37 39 46 49 55 59 64 69 73 79 
20 28
0 2 4 10 11 12 18 19 21 22 23 24 25 26 28 29 30 36 38 40 47 50 56 60 65 70 74 80 
21 28
1 3 5 11 12 13 18 19 20 22 23 24 25 26 29 30 31 37 39 41 45 48 51 57 61 66 71 75 
22 28
2 4 6 12 13 14 18 19 20 21 23 24 25 26 30 31 32 38 40 42 46 49 52 54 58 62 67 76 
23 28
3 5 7 13 14 15 18 19 20 21 22 24 25 26 31 32 33 39 41 43 47 50 53 55 59 63 68 77 
24 28
4 6 8 14 15 16 18 19 20 21 22 23 25 26 32 33 34 40 42 44 48 51 56 60 64 69 72 78 
25 26
5 7 15 16 17 18 19 20 21 22 23 24 26 33 34 35 41 43 49 52 57 61 65 70 73 79 
26 24
6 8 16 17 18 19 20 21 22 23 24 25 34 35 42 44 50 53 58 62 66 71 74 80 
27 24
0 3 9 11 18 19 28 29 30 31 32 33 34 35 36 37 45 47 54 57 63 67 72 77 
28 26
1 4 10 12 18 19 20 27 29 30 31 32 33 34 35 36 37 38 46 48 55 58 64 68 73 78 
29 28
2 5 9 11 13 19 20 21 27 28 30 31 32 33 34 35 37 38 39 45 47 49 56 59 65 69 74 79 
30 30
0 3 6 10 12 14 20 21 22 27 28 29 31 32 33 34 35 38 39 40 46 48 50 54 57 60 66 70 75 80 
31 30
1 4 7 11 13 15 21 22 23 27 28 29 30 32 33 34 35 39 40 41 47 49 51 55 58 61 63 67 71 76 
32 30
2 5 8 12 14 16 22 23 24 27 28 29 30 31 33 34 35 40 41 42 48 50 52 56 59 62 64 68 72 77 
33 28
3 6 13 15 17 23 24 25 27 28 29 30 31 32 34 35 41 42 43 49 51 53 57 60 65 69 73 78 
34 26
4 7 14 16 24 25 26 27 28 29 30 31 32 33 35 42 43 44 50 52 58 61 66 70 74 79 
35 24
5 8 15 17 25 26 27 28 29 30 31 32 33 34 43 44 51 53 59 62 67 71 75 80 
36 24
0 4 9 12 18 20 27 28 37 38 39 40 41 42 43 44 45 46 54 56 63 66 72 76 
37 26
1 5 10 13 19 21 27 28 29 36 38 39 40 41 42 43 44 45 46 47 55 57 64 67 73 77 
38 28
2 6 11 14 18 20 22 28 29 30 36 37 39 40 41 42 43 44 46 47 48 54 56 58 65 68 74 78 
39 30
3 7 9 12 15 19 21 23 29 30 31 36 37 38 40 41 42 43 44 47 48 49 55 57 59 63 66 69 75 79 
40 32
0 4 8 10 13 16 20 22 24 30 31 32 36 37 38 39 41 42 43 44 48 49 50 56 58 60 64 67 70 72 76 80 
41 30
1 5 11 14 17 21 23 25 31 32 33 36 37 38 39 40 42 43 44 49 50 51 57 59 61 65 68 71 73 77 
42 28
2 6 12 15 22 24 26 32 33 34 36 37 38 39 40 41 43 44 50 51 52 58 60 62 66 69 74 78 
43 26
3 7 13 16 23 25 33 34 35 36 37 38 39 40 41 42 44 51 52 53 59 61 67 70 75 79 
44 24
4 8 14 17 24 26 34 35 36 37 38 39 40 41 42 43 52 53 60 62 68 71 76 80 
45 24
0 5 9 13 18 21 27 29 36 37 46 47 48 49 50 51 52 53 54 55 63 65 72 75 
46 26
1 6 10 14 19 22 28 30 36 37 38 45 47 48 49 50 51 52 53 54 55 56 64 66 73 76 
47 28
2 7 11 15 20 23 27 29 31 37 38 39 45 46 48 49 50 51 52 53 55 56 57 63 65 67 74 77 
48 30
3 8 12 16 18 21 24 28 30 32 38 39 40 45 46 47 49 50 51 52 53 56 57 58 64 66 68 72 75 78 
49 30
4 9 13 17 19 22 25 29 31 33 39 40 41 45 46 47 48 50 51 52 53 57 58 59 65 67 69 73 76 79 
50 30
0 5 10 14 20 23 26 30 32 34 40 41 42 45 46 47 48 49 51 52 53 58 59 60 66 68 70 74 77 80 
51 28
1 6 11 15 21 24 31 33 35 41 42 43 45 46 47 48 49 50 52 53 59 60 61 67 69 71 75 78 
52 26
2 7 12 16 22 25 32 34 42 43 44 45 46 47 48 49 50 51 53 60 61 62 68 70 76 79 
53 24
3 8 13 17 23 26 33 35 43 44 45 46 47 48 49 50 51 52 61 62 69 71 77 80 
54 24
0 6 9 14 18 22 27 30 36 38 45 46 55 56 57 58 59 60 61 62 63 64 72 74 
55 26
1 7 10 15 19 23 28 31 37 39 45 46 47 54 56 57 58 59 60 61 62 63 64 65 73 75 
56 28
2 8 11 16 20 24 29 32 36 38 40 46 47 48 54 55 57 58 59 60 61 62 64 65 66 72 74 76 
57 28
3 12 17 21 25 27 30 33 37 39 41 47 48 49 54 55 56 58 59 60 61 62 65 66 67 73 75 77 
58 28
4 13 18 22 26 28 31 34 38 40 42 48 49 50 54 55 56 57 59 60 61 62 66 67 68 74 76 78 
59 28
5 9 14 19 23 29 32 35 39 41 43 49 50 51 54 55 56 57 58 60 61 62 67 68 69 75 77 79 
60 28
0 6 10 15 20 24 30 33 40 42 44 50 51 52 54 55 56 57 58 59 61 62 68 69 70 76 78 80 
61 26
1 7 11 16 21 25 31 34 41 43 51 52 53 54 55 56 57 58 59 60 62 69 70 71 77 79 
62 24
2 8 12 17 22 26 32 35 42 44 52 53 54 55 56 57 58 59 60 61 70 71 78 80 
63 24
0 7 9 15 18 23 27 31 36 39 45 47 54 55 64 65 66 67 68 69 70 71 72 73 
64 26
1 8 10 16 19 24 28 32 37 40 46 48 54 55 56 63 65 66 67 68 69 70 71 72 73 74 
65 26
2 11 17 20 25 29 33 38 41 45 47 49 55 56 57 63 64 66 67 68 69 70 71 73 74 75 
66 26
3 12 21 26 30 34 36 39 42 46 48 50 56 57 58 63 64 65 67 68 69 70 71 74 75 76 
67 26
4 13 22 27 31 35 37 40 43 47 49 51 57 58 59 63 64 65 66 68 69 70 71 75 76 77 
68 26
5 14 18 23 28 32 38 41 44 48 50 52 58 59 60 63 64 65 66 67 69 70 71 76 77 78 
69 26
6 9 15 19 24 29 33 39 42 49 51 53 59 60 61 63 64 65 66 67 68 70 71 77 78 79 
70 26
0 7 10 16 20 25 30 34 40 43 50 52 60 61 62 63 64 65 66 67 68 69 71 78 79 80 
71 24
1 8 11 17 21 26 31 35 41 44 51 53 61 62 63 64 65 66 67 68 69 70 79 80 
72 24
0 8 9 16 18 24 27 32 36 40 45 48 54 56 63 64 73 74 75 76 77 78 79 80 
73 24
1 10 17 19 25 28 33 37 41 46 49 55 57 63 64 65 72 74 75 76 77 78 79 80 
74 24
2 11 20 26 29 34 38 42 47 50 54 56 58 64 65 66 72 73 75 76 77 78 79 80 
75 24
3 12 21 30 35 39 43 45 48 51 55 57 59 65 66 67 72 73 74 76 77 78 79 80 
76 24
4 13 22 31 36 40 44 46 49 52 56 58 60 66 67 68 72 73 74 75 77 78 79 80 
77 24
5 14 23 27 32 37 41 47 50 53 57 59 61 67 68 69 72 73 74 75 76 78 79 80 
78 24
6 15 18 24 28 33 38 42 48 51 58 60 62 68 69 70 72 73 74 75 76 77 79 80 
79 24
7 9 16 19 25 29 34 39 43 49 52 59 61 69 70 71 72 73 74 75 76 77 78 80 
80 24
0 8 10 17 20 26 30 35 40 44 50 53 60 62 70 71 72 73 74 75 76 77 78 79 
